1.5402522371705733e-018	5.0000000000000000e-001
4.7434709250020613e-004	4.9824746499180006e-001
8.8849019422004058e-004	4.9672259365191901e-001
1.3557836016407556e-003	4.9500771634890794e-001
1.8277978983619906e-003	4.9328147172596498e-001
2.2991553086602248e-003	4.9156343164238470e-001
2.7375514504656084e-003	4.8997058856046694e-001
3.1928658775966273e-003	4.8832129181021311e-001
3.6652024647401372e-003	4.8661558675175720e-001
4.1374627923399876e-003	4.8491535191105622e-001
4.6247089933044733e-003	4.8316645139196812e-001
5.0550848959007499e-003	4.8162601886280892e-001
5.5409142048849780e-003	4.7989185668542789e-001
6.0301248879026477e-003	4.7815057387153170e-001
6.5028568615103279e-003	4.7647252522848338e-001
6.9332145611506434e-003	4.7494869630066261e-001
7.4462512226558322e-003	4.7313671631759419e-001
7.8819423218029431e-003	4.7160173159412960e-001
8.3899753146081529e-003	4.6981617945025456e-001
8.8407423273577108e-003	4.6823566325275767e-001
9.3364367438200403e-003	4.6650158648576190e-001
9.8095308261960685e-003	4.6485033533014813e-001
1.0304247368546430e-002	4.6312742797688655e-001
1.0759511557362125e-002	4.6154526119312522e-001
1.1251581332716431e-002	4.5983868057353039e-001
1.1763781862885164e-002	4.5806602293551668e-001
1.2210526470634895e-002	4.5652291925057886e-001
1.2693912424462944e-002	4.5485632499613915e-001
1.3194243245554817e-002	4.5313457005493779e-001
1.3684625122710303e-002	4.5145016874857358e-001
1.4159924897271867e-002	4.4982042387436472e-001
1.4688594433513651e-002	4.4801087005545015e-001
1.5164439247057031e-002	4.4638490546599802e-001
1.5673328787312268e-002	4.4464884121156528e-001
1.6135172256291689e-002	4.4307570896716647e-001
1.6640843058973783e-002	4.4135585990536191e-001
1.7117337919754082e-002	4.3973761596917532e-001
1.7616113657602257e-002	4.3804608478006474e-001
1.8104429700743607e-002	4.3639230385895711e-001
1.8616339772683191e-002	4.3466094849899622e-001
1.9110013752037681e-002	4.3299344751088825e-001
1.9615497603604832e-002	4.3128818690804371e-001
2.0117403892786961e-002	4.2959704672395821e-001
2.0579118837487160e-002	4.2804306452980878e-001
2.1108880915133105e-002	4.2626202556851278e-001
2.1583215948014038e-002	4.2466904308961012e-001
2.2089465258908265e-002	4.2297059151524063e-001
2.2574483430310065e-002	4.2134495664103133e-001
2.3113552992548140e-002	4.1953989803149661e-001
2.3580770298535021e-002	4.1797684990769979e-001
2.4111519950434881e-002	4.1620277630653718e-001
2.4595641917218539e-002	4.1458590081256153e-001
2.5125612057479943e-002	4.1281729312429616e-001
2.5583219644938402e-002	4.1129128379446550e-001
2.6104737509114028e-002	4.0955333729547683e-001
2.6608839074801303e-002	4.0787456677638168e-001
2.7112926929306141e-002	4.0619689295745398e-001
2.7615455418362234e-002	4.0452539099782214e-001
2.8098488220193365e-002	4.0291960089748025e-001
2.8620927378768250e-002	4.0118369927286318e-001
2.9119090733558759e-002	3.9952925915577570e-001
2.9643618786963626e-002	3.9778803883769187e-001
3.0118633967816298e-002	3.9621181515275739e-001
3.0643807428238471e-002	3.9446979290837547e-001
3.1147004211550602e-002	3.9280123915644849e-001
3.1649126659150498e-002	3.9113674671105381e-001
3.2173737658860287e-002	3.8939817790050740e-001
3.2657035877454582e-002	3.8779689255728395e-001
3.3152095181905428e-002	3.8615695733131727e-001
3.3698793422188893e-002	3.8434627398141463e-001
3.4193852070562837e-002	3.8270684852094206e-001
3.4700192741817668e-002	3.8103022890636934e-001
3.5215163887755190e-002	3.7932514994506578e-001
3.5688539934480963e-002	3.7775785058173844e-001
3.6193146735796884e-002	3.7608716021339628e-001
3.6693900728929481e-002	3.7442918724873797e-001
3.7229521837706989e-002	3.7265567153702250e-001
3.7702144274018870e-002	3.7109062074990939e-001
3.8247388998054514e-002	3.6928487703149693e-001
3.8739357051361917e-002	3.6765533254254767e-001
3.9226051402333866e-002	3.6604298344723152e-001
3.9749297773071415e-002	3.6430919019782371e-001
4.0274533995501426e-002	3.6256838339732772e-001
4.0752297244735024e-002	3.6098450696532536e-001
4.1259517460455329e-002	3.5930250055008311e-001
4.1754359357101548e-002	3.5766102668090055e-001
4.2290584473369301e-002	3.5588165168945374e-001
4.2754397544109327e-002	3.5434199760250551e-001
4.3286893996589720e-002	3.5257364890921494e-001
4.3787250773144805e-002	3.5091130817236282e-001
4.4282553615813583e-002	3.4926502383416896e-001
4.4778017835397130e-002	3.4761742986448452e-001
4.5283107559621831e-002	3.4593698830686359e-001
4.5818201735156820e-002	3.4415574840754420e-001
4.6308553580501913e-002	3.4252252584489346e-001
4.6792322298126965e-002	3.4091032545979505e-001
4.7309152451028076e-002	3.3918690978157540e-001
4.7824524814480456e-002	3.3746724582864857e-001
4.8286808563654277e-002	3.3592374530953995e-001
4.8834044698434699e-002	3.3409535763803100e-001
4.9291625982712216e-002	3.3256544762143359e-001
4.9826435860922502e-002	3.3077604601357230e-001
5.0336463250657701e-002	3.2906823552798092e-001
5.0791519796570719e-002	3.2754336418809993e-001
5.1302887935216195e-002	3.2582848688508881e-001
5.1817217059668769e-002	3.2410224226214590e-001
5.2328663286681412e-002	3.2238420217856556e-001
5.2802439018698688e-002	3.2079135909664780e-001
5.3292590854870620e-002	3.1914206234639397e-001
5.3799051935025502e-002	3.1743635728793806e-001
5.4303418566929905e-002	3.1573612244723709e-001
5.4821721243325912e-002	3.1398722192814899e-001
5.5277813742150614e-002	3.1244678939898984e-001
5.5790775971944151e-002	3.1071262722160875e-001
5.6305312627232783e-002	3.0897134440771257e-001
5.6800650450588644e-002	3.0729329576466424e-001
5.7250020466122452e-002	3.0576946683684347e-001
5.7783805430914180e-002	3.0395748685377511e-001
5.8235508377191186e-002	3.0242250213031052e-001
5.8760380115064681e-002	3.0063694998643542e-001
5.9224465101878621e-002	2.9905643378893854e-001
5.9733074874004616e-002	2.9732235702194276e-001
6.0216834612872167e-002	2.9567110586632905e-001
6.0720999986301392e-002	2.9394819851306747e-001
6.1183446320329821e-002	2.9236603172930609e-001
6.1681676001351410e-002	2.9065945110971125e-001
6.2198550314859026e-002	2.8888679347169754e-001
6.2647948604849873e-002	2.8734368978675973e-001
6.3132737882399287e-002	2.8567709553232001e-001
6.3632941016480912e-002	2.8395534059111871e-001
6.4121664630581943e-002	2.8227093928475444e-001
6.4593933258552255e-002	2.8064119441054558e-001
6.5117613032090571e-002	2.7883164059163101e-001
6.5587534027669120e-002	2.7720567600217894e-001
6.6088612388653753e-002	2.7546961174774615e-001
6.6542068090309783e-002	2.7389647950334739e-001
6.7037161689657343e-002	2.7217663044154283e-001
6.7502378512188224e-002	2.7055838650535619e-001
6.7988008925163934e-002	2.6886685531624560e-001
6.8462149571337505e-002	2.6721307439513797e-001
6.8957835796319575e-002	2.6548171903517709e-001
6.9434564202083562e-002	2.6381421804706917e-001
6.9921397428812301e-002	2.6210895744422458e-001
7.0403506090576815e-002	2.6041781726013913e-001
7.0845902030617650e-002	2.5886383506598964e-001
7.1352213504114873e-002	2.5708279610469376e-001
7.1804406273975746e-002	2.5548981362579104e-001
7.2285850478865252e-002	2.5379136205142150e-001
7.2745986783014555e-002	2.5216572717721220e-001
7.3256141523508927e-002	2.5036066856767747e-001
7.3697243400391105e-002	2.4879762044388071e-001
7.4197159485301173e-002	2.4702354684271804e-001
7.4652092960271837e-002	2.4540667134874239e-001
7.5148967890014254e-002	2.4363806366047708e-001
7.5577055172373286e-002	2.4211205433064636e-001
7.6063882494210464e-002	2.4037410783165769e-001
7.6533410450446343e-002	2.3869533731256259e-001
7.7001920779688426e-002	2.3701766349363490e-001
7.7468000110771817e-002	2.3534616153400306e-001
7.7915090957923649e-002	2.3374037143366111e-001
7.8397674190712557e-002	2.3200446980904404e-001
7.8856901387318309e-002	2.3035002969195661e-001
7.9339468547963726e-002	2.2860880937387273e-001
7.9775646995885990e-002	2.2703258568893825e-001
8.0256975698024285e-002	2.2529056344455634e-001
8.0717286729400151e-002	2.2362200969262935e-001
8.1175778411213068e-002	2.2195751724723467e-001
8.1653930695504112e-002	2.2021894843668832e-001
8.2093655223656498e-002	2.1861766309346481e-001
8.2543327790197712e-002	2.1697772786749819e-001
8.3039039614521803e-002	2.1516704451759550e-001
8.3487162018241676e-002	2.1352761905712292e-001
8.3944761459596673e-002	2.1185099944255020e-001
8.4409415722499978e-002	2.1014592048124670e-001
8.4835892119913769e-002	2.0857862111791931e-001
8.5289839176272100e-002	2.0690793074957720e-001
8.5739657545026007e-002	2.0524995778491884e-001
8.6220084864629454e-002	2.0347644207320342e-001
8.6643410563186848e-002	2.0191139128609026e-001
8.7131110352208135e-002	2.0010564756767785e-001
8.7570554449349344e-002	1.9847610307872859e-001
8.8004742430581581e-002	1.9686375398341244e-001
8.8470951788150717e-002	1.9512996073400457e-001
8.8938341179612940e-002	1.9338915393350864e-001
8.9362986673698713e-002	1.9180527750150617e-001
8.9813310643409208e-002	1.9012327108626403e-001
9.0252161862003827e-002	1.8848179721708147e-001
9.0727194869799396e-002	1.8670242222563460e-001
9.1137659826583617e-002	1.8516276813868637e-001
9.1608447256232003e-002	1.8339441944539586e-001
9.2050388603881483e-002	1.8173207870854363e-001
9.2487472464879927e-002	1.8008579437034983e-001
9.2924324205499093e-002	1.7843820040066538e-001
9.3369295130103253e-002	1.7675775884304445e-001
9.3840314710201253e-002	1.7497651894372512e-001
9.4271620786745322e-002	1.7334329638107437e-001
9.4696845522823148e-002	1.7173109599597591e-001
9.5150830316915055e-002	1.7000768031775632e-001
9.5603245454602970e-002	1.6828801636482948e-001
9.6029272594873663e-002	1.6666666669999999e-001
1.3702524665873803e-001	1.6666666669999999e-001
1.3816939056642771e-001	1.6491413169180003e-001
1.3915446862471265e-001	1.6338926035191903e-001
1.4025071358640834e-001	1.6167438304890794e-001
1.4134186923912662e-001	1.5994813842596498e-001
1.4241555434555558e-001	1.5823009834238469e-001
1.4340007029480131e-001	1.5663725526046693e-001
1.4440841978969754e-001	1.5498795851021308e-001
1.4543944132982961e-001	1.5328225345175719e-001
1.4645522208781339e-001	1.5158201861105619e-001
1.4748766843109151e-001	1.4983311809196809e-001
1.4838664227770876e-001	1.4829268556280892e-001
1.4938703231576375e-001	1.4655852338542788e-001
1.5037914459906832e-001	1.4481724057153167e-001
1.5132350568685521e-001	1.4313919192848340e-001
1.5217112355715168e-001	1.4161536300066258e-001
1.5316671356082653e-001	1.3980338301759418e-001
1.5399966225443651e-001	1.3826839829412960e-001
1.5495654289560301e-001	1.3648284615025455e-001
1.5579275999538478e-001	1.3490232995275767e-001
1.5669858934475714e-001	1.3316825318576189e-001
1.5754985566537982e-001	1.3151700203014813e-001
1.5842633149160346e-001	1.2979409467688657e-001
1.5922067252112587e-001	1.2821192789312519e-001
1.6006618279459009e-001	1.2650534727353036e-001
1.6093203717027219e-001	1.2473268963551667e-001
1.6167549866268244e-001	1.2318958595057886e-001
1.6246773756115451e-001	1.2152299169613914e-001
1.6327452197982939e-001	1.1980123675493778e-001
1.6405233564360272e-001	1.1811683544857357e-001
1.6479412855004000e-001	1.1648709057436468e-001
1.6560535560436229e-001	1.1467753675545016e-001
1.6632315663400724e-001	1.1305157216599801e-001
1.6707795528695837e-001	1.1131550791156525e-001
1.6775157463701035e-001	1.0974237566716646e-001
1.6847678227322072e-001	1.0802252660536188e-001
1.6914844091102571e-001	1.0640428266917532e-001
1.6983943511422489e-001	1.0471275148006473e-001
1.7050406860877576e-001	1.0305897055895707e-001
1.7118830185794062e-001	1.0132761519899620e-001
1.7183611711605265e-001	9.9660114210888245e-002
1.7248726569816053e-001	9.7954853608043693e-002
1.7312171309271066e-001	9.6263713423958203e-002
1.7369478491655344e-001	9.4709731229808747e-002
1.7433991762605333e-001	9.2928692268512803e-002
1.7490638007153692e-001	9.1335709789610128e-002
1.7549938244005570e-001	8.9637258215240614e-002
1.7605637216443834e-001	8.8011623341031311e-002
1.7666271380663603e-001	8.6206564731496571e-002
1.7717746330788012e-001	8.4643516607699795e-002
1.7775013824864971e-001	8.2869443006537161e-002
1.7826136299625439e-001	8.1252567512561491e-002
1.7880888030649494e-001	7.9483959824296138e-002
1.7927149363498662e-001	7.7957950494465494e-002
1.7978730603856607e-001	7.6220003995476807e-002
1.8027439030779899e-001	7.4541233476381696e-002
1.8075020378451526e-001	7.2863559657453988e-002
1.8121338612793955e-001	7.1192057697822150e-002
1.8164813795248591e-001	6.9586267597480211e-002
1.8210685726342069e-001	6.7850365972863189e-002
1.8253317056089083e-001	6.6195925855775703e-002
1.8297038485601191e-001	6.4454705537691864e-002
1.8335604006883094e-001	6.2878481852757365e-002
1.8377107114044938e-001	6.1136459608375451e-002
1.8415758876884569e-001	5.9467905856448497e-002
1.8453243862231483e-001	5.7803413411053814e-002
1.8491253759142356e-001	5.6064844600507396e-002
1.8525229353758071e-001	5.4463559257283939e-002
1.8558998956028261e-001	5.2823624031317282e-002
1.8595079162248299e-001	5.1012940681414598e-002
1.8626656114766590e-001	4.9373515220942035e-002
1.8657877872581863e-001	4.7696895606369319e-002
1.8688518757429745e-001	4.5991816645065783e-002
1.8715696062347414e-001	4.4424517281738421e-002
1.8743624914238236e-001	4.2753826913396284e-002
1.8770279315482727e-001	4.1095853948737965e-002
1.8797620773734330e-001	3.9322338237022497e-002
1.8820743893966294e-001	3.7757287449909360e-002
1.8846253404197083e-001	3.5951543731496949e-002
1.8868198320574450e-001	3.4321999242547696e-002
1.8888907809094221e-001	3.2709650147231512e-002
1.8910063329373486e-001	3.0975856897823673e-002
1.8930143511120709e-001	2.9235050097327714e-002
1.8947403105053476e-001	2.7651173665325324e-002
1.8964678288725828e-001	2.5969167250083108e-002
1.8980490956547799e-001	2.4327693380900545e-002
1.8996464993120041e-001	2.2548318389453703e-002
1.9009307413898066e-001	2.1008664302505475e-002
1.9022936308925648e-001	1.9240315609214964e-002
1.9034655419380778e-001	1.7577974872362789e-002
1.9045217811760817e-001	1.5931690534168957e-002
1.9054749068547866e-001	1.4284096564484483e-002
1.9063399239754375e-001	1.2603655006863557e-002
1.9071387478476642e-001	1.0822415107544198e-002
1.9077644122542553e-001	9.1891925448934486e-003
1.9082818466143883e-001	7.5769921597950429e-003
1.9087249206204576e-001	5.8535764815754177e-003
1.9090536840981803e-001	4.1339125286485590e-003
1.9092523546637985e-001	2.5904120095399108e-003
1.9093696831761231e-001	7.6202433803096437e-004
1.9093695115290740e-001	-7.6788567856644896e-004
1.9092556185978277e-001	-2.5572872864277063e-003
1.9090325932761462e-001	-4.2650977720190830e-003
1.9087390974682766e-001	-5.7899691119000785e-003
1.9083026752734072e-001	-7.5048464149111982e-003
1.9077496381096495e-001	-9.2310910378541333e-003
1.9070859346992003e-001	-1.0949131121434447e-002
1.9063696166867902e-001	-1.2541974203352180e-002
1.9055255117563286e-001	-1.4191270953606033e-002
1.9045429358129826e-001	-1.5896976012061914e-002
1.9034525865801108e-001	-1.7597210852762918e-002
1.9022154632390600e-001	-1.9346111371851021e-002
1.9010287138148690e-001	-2.0886543901010191e-002
1.8995838832622591e-001	-2.2620706078391228e-002
1.8980171149476258e-001	-2.4361988892287439e-002
1.8963972308983273e-001	-2.6040037535335736e-002
1.8948326505966873e-001	-2.7563866463156533e-002
1.8928562656369796e-001	-2.9375846446224929e-002
1.8910834312567404e-001	-3.0910831169689512e-002
1.8889074071186795e-001	-3.2696383313564559e-002
1.8868791167986146e-001	-3.4276899511061443e-002
1.8845433749673507e-001	-3.6010976278057216e-002
1.8822118043082836e-001	-3.7662227433670981e-002
1.8796673324670443e-001	-3.9385134786932535e-002
1.8772301811727488e-001	-4.0967301570693920e-002
1.8744934415001699e-001	-4.2673882190288753e-002
1.8715320738036342e-001	-4.4446539828302434e-002
1.8688557094860148e-001	-4.5989643513240280e-002
1.8658621543631868e-001	-4.7656237767679965e-002
1.8626571285106183e-001	-4.9377992708881296e-002
1.8594110539201680e-001	-5.1062394015245566e-002
1.8561661557608200e-001	-5.2692138889454426e-002
1.8524431758069826e-001	-5.4501692708368965e-002
1.8489900833806122e-001	-5.6127657297821099e-002
1.8451904399745728e-001	-5.7863721552253861e-002
1.8416467986100774e-001	-5.9436853796652644e-002
1.8376631569878427e-001	-6.1156702858457201e-002
1.8338103528884725e-001	-6.2774946794643821e-002
1.8296746828253838e-001	-6.4466477983754406e-002
1.8255241449012777e-001	-6.6120258904862034e-002
1.8210653159786966e-001	-6.7851614264822918e-002
1.8166610069173231e-001	-6.9519115252930863e-002
1.8120453350488891e-001	-7.1224375855775401e-002
1.8073563238612619e-001	-7.2915516039860906e-002
1.8029495951545299e-001	-7.4469498234010362e-002
1.7977834546666729e-001	-7.6250537195306278e-002
1.7930581784397853e-001	-7.7843519674208994e-002
1.7879111490963315e-001	-7.9541971248578480e-002
1.7828794396048414e-001	-8.1167606122787811e-002
1.7771715492321749e-001	-8.2972664732322537e-002
1.7721261356168741e-001	-8.4535712856119299e-002
1.7662838406219997e-001	-8.6309786457281962e-002
1.7608519778144366e-001	-8.7926661951257618e-002
1.7547931470235698e-001	-8.9695269639522929e-002
1.7494668819152215e-001	-9.1221278969353642e-002
1.7432896277314980e-001	-9.2959225468342316e-002
1.7372100992723399e-001	-9.4637995987437412e-002
1.7310238873651879e-001	-9.6315669806365106e-002
1.7247503159981559e-001	-9.7987171765996944e-002
1.7186197577312839e-001	-9.9592961866338897e-002
1.7118781279453138e-001	-1.0132886349095596e-001
1.7053421962201221e-001	-1.0298330360804339e-001
1.6983466516066145e-001	-1.0472452392612727e-001
1.6919106054681848e-001	-1.0630074761106176e-001
1.6846831452436634e-001	-1.0804276985544367e-001
1.6776477234249862e-001	-1.0971132360737065e-001
1.6705193558760489e-001	-1.1137581605276534e-001
1.6629562257767211e-001	-1.1311438486331168e-001
1.6558839484901597e-001	-1.1471567020653520e-001
1.6485351331793263e-001	-1.1635560543250181e-001
1.6402966081953088e-001	-1.1816628878240451e-001
1.6327243928209842e-001	-1.1980571424287709e-001
1.6248692585012889e-001	-1.2148233385744980e-001
1.6167653893676998e-001	-1.2318741281875331e-001
1.6092135765756335e-001	-1.2475471218208070e-001
1.6010550357295666e-001	-1.2642540255042281e-001
1.5928477066988866e-001	-1.2808337551508117e-001
1.5839459586158935e-001	-1.2985689122679658e-001
1.5759852661988066e-001	-1.3142194201390975e-001
1.5666774482470186e-001	-1.3322768573232216e-001
1.5581647282985528e-001	-1.3485723022127141e-001
1.5496360421693689e-001	-1.3646957931658757e-001
1.5403473667752654e-001	-1.3820337256599544e-001
1.5308983189512712e-001	-1.3994417936649137e-001
1.5221940087926680e-001	-1.4152805579849384e-001
1.5128385423452989e-001	-1.4321006221373597e-001
1.5035972408317910e-001	-1.4485153608291854e-001
1.4934552020505246e-001	-1.4663091107436541e-001
1.4845749350105353e-001	-1.4817056516131363e-001
1.4742557011818655e-001	-1.4993891385460414e-001
1.4644379638887708e-001	-1.5160125459145637e-001
1.4546030010109764e-001	-1.5324753892965018e-001
1.4446483758227474e-001	-1.5489513289933463e-001
1.4343798321321882e-001	-1.5657557445695555e-001
1.4233678156526072e-001	-1.5835681435627488e-001
1.4131553189095020e-001	-1.5999003691892563e-001
1.4029656481800809e-001	-1.6160223730402409e-001
1.3919534874974443e-001	-1.6332565298224369e-001
1.3808419059096705e-001	-1.6504531693517052e-001
1.3702524672438954e-001	-1.6666666660000001e-001
9.6029272621134268e-002	-1.6666666660000001e-001
9.5568753029954115e-002	-1.6841920160819998e-001
9.5167574647427089e-002	-1.6994407294808098e-001
9.4715862088018937e-002	-1.7165895025109207e-001
9.4260562896155448e-002	-1.7338519487403503e-001
9.3806828384125185e-002	-1.7510323495761532e-001
9.3385616598079868e-002	-1.7669607803953308e-001
9.2948919358719836e-002	-1.7834537478978690e-001
9.2496682813795181e-002	-1.8005107984824281e-001
9.2045278055025742e-002	-1.8175131468894382e-001
9.1580300560322916e-002	-1.8350021520803189e-001
9.1170194078960001e-002	-1.8504064773719109e-001
9.0707883645677584e-002	-1.8677480991457213e-001
9.0242999126979709e-002	-1.8851609272846834e-001
8.9794349562251297e-002	-1.9019414137151661e-001
8.9386377390496249e-002	-1.9171797029933743e-001
8.8900564907628293e-002	-1.9352995028240583e-001
8.8488423234023297e-002	-1.9506493500587041e-001
8.8008312501436467e-002	-1.9685048714974546e-001
8.7582707664845078e-002	-1.9843100334724234e-001
8.7115071061108440e-002	-2.0016508011423811e-001
8.6669104079458825e-002	-2.0181633126985188e-001
8.6203086908782853e-002	-2.0353923862311343e-001
8.5774506685907873e-002	-2.0512140540687482e-001
8.5311544038904896e-002	-2.0682798602646965e-001
8.4829903761943035e-002	-2.0860064366448333e-001
8.4410007469457801e-002	-2.1014374734942115e-001
8.3955849555257381e-002	-2.1181034160386086e-001
8.3485939045783497e-002	-2.1353209654506222e-001
8.3025511600080468e-002	-2.1521649785142644e-001
8.2579352092893715e-002	-2.1684624272563532e-001
8.2083190971858067e-002	-2.1865579654454984e-001
8.1636668766580919e-002	-2.2028176113400200e-001
8.1159178446549685e-002	-2.2201782538843473e-001
8.0725846540960253e-002	-2.2359095763283354e-001
8.0251386795008608e-002	-2.2531080669463810e-001
7.9804275625766308e-002	-2.2692905063082469e-001
7.9336208470388067e-002	-2.2862058181993528e-001
7.8877887897269974e-002	-2.3027436274104290e-001
7.8397327437639316e-002	-2.3200571810100379e-001
7.7933773586400468e-002	-2.3367321908911176e-001
7.7458995257360441e-002	-2.3537847969195630e-001
7.6987422014057116e-002	-2.3706961987604180e-001
7.6553457917969275e-002	-2.3862360207019126e-001
7.6055336214038261e-002	-2.4040464103148718e-001
7.5609132523111647e-002	-2.4199762351038986e-001
7.5132682546996510e-002	-2.4369607508475938e-001
7.4675980073556844e-002	-2.4532170995896868e-001
7.4168094194489026e-002	-2.4712676856850341e-001
7.3727643840950249e-002	-2.4868981669230020e-001
7.3226990301317255e-002	-2.5046389029346283e-001
7.2770017132114978e-002	-2.5208076578743849e-001
7.2269418257683404e-002	-2.5384937347570385e-001
7.1836865235710604e-002	-2.5537538280553451e-001
7.1343540101715161e-002	-2.5711332930452319e-001
7.0866309806080524e-002	-2.5879209982361828e-001
7.0388704730256144e-002	-2.6046977364254598e-001
6.9912177463115399e-002	-2.6214127560217781e-001
6.9453748691976486e-002	-2.6374706570251977e-001
6.8957478668131178e-002	-2.6548296732713683e-001
6.8483827874224773e-002	-2.6713740744422432e-001
6.7984631437708318e-002	-2.6887862776230814e-001
6.7532122213649792e-002	-2.7045485144724263e-001
6.7031338245816363e-002	-2.7219687369162454e-001
6.6551013122157873e-002	-2.7386542744355147e-001
6.6071217250252751e-002	-2.7552991988894615e-001
6.5569391605497171e-002	-2.7726848869949261e-001
6.5106584897939968e-002	-2.7886977404271607e-001
6.4632009371381985e-002	-2.8050970926868268e-001
6.4107324807350111e-002	-2.8232039261858538e-001
6.3631641057819252e-002	-2.8395981807905796e-001
6.3144557197580276e-002	-2.8563643769363067e-001
6.2648581127773384e-002	-2.8734151665493424e-001
6.2192133018110107e-002	-2.8890881601826157e-001
6.1705000649286079e-002	-2.9057950638660368e-001
6.1220997787191513e-002	-2.9223747935126199e-001
6.0702634779375604e-002	-2.9401099506297745e-001
6.0244667228725152e-002	-2.9557604585009067e-001
5.9715653007014403e-002	-2.9738178956850303e-001
5.9237700506471279e-002	-2.9901133405745228e-001
5.8764277663749358e-002	-3.0062368315276844e-001
5.8254633741191011e-002	-3.0235747640217631e-001
5.7742350720060710e-002	-3.0409828320267229e-001
5.7275754004669416e-002	-3.0568215963467466e-001
5.6779740790955789e-002	-3.0736416604991690e-001
5.6295183756900506e-002	-3.0900563991909946e-001
5.5769374318510048e-002	-3.1078501491054633e-001
5.5313953839380071e-002	-3.1232466899749450e-001
5.4790382316160714e-002	-3.1409301769078501e-001
5.4297714967347054e-002	-3.1575535842763719e-001
5.3809354563356164e-002	-3.1740164276583105e-001
5.3320164791643490e-002	-3.1904923673551555e-001
5.2820777503678314e-002	-3.2072967829313642e-001
5.2290956168319892e-002	-3.2251091819245581e-001
5.1804738718681013e-002	-3.2414414075510656e-001
5.1324392223751764e-002	-3.2575634114020491e-001
5.0810494654042526e-002	-3.2747975681842456e-001
5.0297299576503973e-002	-3.2919942077135145e-001
4.9836332086844431e-002	-3.3074292129046007e-001
4.9289873481840385e-002	-3.3257130896196901e-001
4.8832291059964651e-002	-3.3410121897856643e-001
4.8296726417596567e-002	-3.3589062058642771e-001
4.7785221430119255e-002	-3.3759843107201903e-001
4.7328221174109959e-002	-3.3912330241190003e-001
4.6813964400956969e-002	-3.4083817971491115e-001
4.6295977565880282e-002	-3.4256442433785411e-001
4.5780145809536620e-002	-3.4428246442143440e-001
4.5301641922597238e-002	-3.4587530750335216e-001
4.4805925164044212e-002	-3.4752460425360598e-001
4.4292995405196454e-002	-3.4923030931206189e-001
4.3781462091254775e-002	-3.5093054415276292e-001
4.3255042674422803e-002	-3.5267944467185097e-001
4.2791178586070421e-002	-3.5421987720101017e-001
4.2268774050131845e-002	-3.5595403937839121e-001
4.1744022225791530e-002	-3.5769532219228739e-001
4.1238149211934499e-002	-3.5937337083533571e-001
4.0778629056071908e-002	-3.6089719976315648e-001
4.0232058027181786e-002	-3.6270917974622491e-001
3.9768919720074639e-002	-3.6424416446968949e-001
3.9230055675493133e-002	-3.6602971661356454e-001
3.8752971770072669e-002	-3.6761023281106142e-001
3.8229444592810351e-002	-3.6934430957805719e-001
3.7730849507356681e-002	-3.7099556073367096e-001
3.7210557321430693e-002	-3.7271846808693254e-001
3.6732726200350327e-002	-3.7430063487069387e-001
3.6217292657745939e-002	-3.7600721549028870e-001
3.5681888347056268e-002	-3.7777987312830241e-001
3.5215820236940608e-002	-3.7932297681324023e-001
3.4712471945602424e-002	-3.8098957106767994e-001
3.4192499926304444e-002	-3.8271132600888125e-001
3.3683860879354044e-002	-3.8439572731524552e-001
3.3191791300925325e-002	-3.8602547218945438e-001
3.2645525346215634e-002	-3.8783502600836894e-001
3.2154781688487018e-002	-3.8946099059782108e-001
3.1630931252764720e-002	-3.9119705485225387e-001
3.1156370270608084e-002	-3.9277018709665262e-001
3.0637703535102891e-002	-3.9449003615845718e-001
3.0149841560240254e-002	-3.9610828009464383e-001
2.9640071672071156e-002	-3.9779981128375441e-001
2.9141879908203671e-002	-3.9945359220486198e-001
2.8620551595910690e-002	-4.0118494756482292e-001
2.8118693421333631e-002	-4.0285244855293084e-001
2.7605736453431645e-002	-4.0455770915577538e-001
2.7097311133260180e-002	-4.0624884933986088e-001
2.6630386921040517e-002	-4.0780283153401031e-001
2.6095572036714296e-002	-4.0958387049530626e-001
2.5617546248148899e-002	-4.1117685297420897e-001
2.5108222029601099e-002	-4.1287530454857846e-001
2.4621091137460943e-002	-4.1450093942278776e-001
2.4080626274089412e-002	-4.1630599803232249e-001
2.3613008391215558e-002	-4.1786904615611931e-001
2.3082712152693734e-002	-4.1964311975728191e-001
2.2599844548231995e-002	-4.2125999525125757e-001
2.2072165626791412e-002	-4.2302860293952294e-001
2.1617307507339187e-002	-4.2455461226935359e-001
2.1099793820855643e-002	-4.2629255876834227e-001
2.0600444243090196e-002	-4.2797132928743736e-001
2.0101975176641380e-002	-4.2964900310636511e-001
1.9605911862023592e-002	-4.3132050506599690e-001
1.9129907541565971e-002	-4.3292629516633890e-001
1.8615970441974685e-002	-4.3466219679095591e-001
1.8126787609595706e-002	-4.3631663690804340e-001
1.7612639932517507e-002	-4.3805785722612722e-001
1.7147846557590534e-002	-4.3963408091106171e-001
1.6634886638868088e-002	-4.4137610315544362e-001
1.6144295283227136e-002	-4.4304465690737060e-001
1.5655636773415874e-002	-4.4470914935276529e-001
1.5146042870558738e-002	-4.4644771816331169e-001
1.4677443661432733e-002	-4.4804900350653515e-001
1.4198306233471368e-002	-4.4968893873250182e-001
1.3670215172661709e-002	-4.5149962208240446e-001
1.3192940891839438e-002	-4.5313904754287709e-001
1.2705716345610385e-002	-4.5481566715744975e-001
1.2211156178120996e-002	-4.5652074611875332e-001
1.1757411932386908e-002	-4.5808804548208065e-001
1.1274657507469839e-002	-4.5975873585042282e-001
1.0796541867889161e-002	-4.6141670881508112e-001
1.0286196645564421e-002	-4.6319022452679653e-001
9.8367975675948561e-003	-4.6475527531390975e-001
9.3194283516348786e-003	-4.6656101903232217e-001
8.8536194232407845e-003	-4.6819056352127142e-001
8.3937548925069033e-003	-4.6980291261658758e-001
7.9004208510950694e-003	-4.7153670586599544e-001
7.4063368112605053e-003	-4.7327751266649137e-001
6.9579022132763369e-003	-4.7486138909849379e-001
6.4828664290606077e-003	-4.7654339551373598e-001
6.0204763945189872e-003	-4.7818486938291854e-001
5.5206068705732194e-003	-4.7996424437436541e-001
5.0892514657853568e-003	-4.8150389846131358e-001
4.5951923844725628e-003	-4.8327224715460410e-001
4.1321118448868627e-003	-4.8493458789145633e-001
3.6748305686830885e-003	-4.8658087222965013e-001
3.2185330771114535e-003	-4.8822846619933463e-001
2.7545542868726977e-003	-4.8990890775695550e-001
2.2643364071195360e-003	-4.9169014765627489e-001
1.8163223729588595e-003	-4.9332337021892564e-001
1.3754783168368526e-003	-4.9493557060402404e-001
9.0579374557300720e-004	-4.9665898628224370e-001
4.3877941368992458e-004	-4.9837865023517047e-001
2.7016099075241471e-011	-4.9999999989999999e-001
