5.1626077911853842e-002	5.0000000000000000e-001
5.1278777530212601e-002	4.9824746499180006e-001
5.0977776933702264e-002	4.9672259365191901e-001
5.0640582882786118e-002	4.9500771634890794e-001
5.0302553715476858e-002	4.9328147172596498e-001
4.9967522263781941e-002	4.9156343164238470e-001
4.9658141939422307e-002	4.8997058856046694e-001
4.9339047418930700e-002	4.8832129181021311e-001
4.9010374819449573e-002	4.8661558675175720e-001
4.8684104205088397e-002	4.8491535191105622e-001
4.8349895238617512e-002	4.8316645139196812e-001
4.8056697219966943e-002	4.8162601886280892e-001
4.7727937424395427e-002	4.7989185668542789e-001
4.7399222042951113e-002	4.7815057387153170e-001
4.7083762381508201e-002	4.7647252522848338e-001
4.6798413131970001e-002	4.7494869630066261e-001
4.6460487127468468e-002	4.7313671631759419e-001
4.6175391026624699e-002	4.7160173159412960e-001
4.5845104888996888e-002	4.6981617945025456e-001
4.5553952505608362e-002	4.6823566325275767e-001
4.5235812496017672e-002	4.6650158648576190e-001
4.4934129248648549e-002	4.6485033533014813e-001
4.4620662508367714e-002	4.6312742797688655e-001
4.4333975676722634e-002	4.6154526119312522e-001
4.4026001291809967e-002	4.5983868057353039e-001
4.3707478949642845e-002	4.5806602293551668e-001
4.3431343102613373e-002	4.5652291925057886e-001
4.3134296124751663e-002	4.5485632499613915e-001
4.2828708849436722e-002	4.5313457005493779e-001
4.2531017653559954e-002	4.5145016874857358e-001
4.2244174875774539e-002	4.4982042387436472e-001
4.1927050651513705e-002	4.4801087005545015e-001
4.1643322740582987e-002	4.4638490546599802e-001
4.1341655988875098e-002	4.4464884121156528e-001
4.1069433538075940e-002	4.4307570896716647e-001
4.0773050888242721e-002	4.4135585990536191e-001
4.0495346179047306e-002	4.3973761596917532e-001
4.0206271943821884e-002	4.3804608478006474e-001
3.9924838435392393e-002	4.3639230385895711e-001
3.9631459790172401e-002	4.3466094849899622e-001
3.9350112291399203e-002	4.3299344751088825e-001
3.9063618920173619e-002	4.3128818690804371e-001
3.8780717490868213e-002	4.2959704672395821e-001
3.8521827960719124e-002	4.2804306452980878e-001
3.8226364754978523e-002	4.2626202556851278e-001
3.7963229586667709e-002	4.2466904308961012e-001
3.7683844811440596e-002	4.2297059151524063e-001
3.7417567427177501e-002	4.2134495664103133e-001
3.7123190694175794e-002	4.1953989803149661e-001
3.6869375233273993e-002	4.1797684990769979e-001
3.6582517583308806e-002	4.1620277630653718e-001
3.6322208861220201e-002	4.1458590081256153e-001
3.6038702774707394e-002	4.1281729312429616e-001
3.5795114961244816e-002	4.1129128379446550e-001
3.5518855012429407e-002	4.0955333729547683e-001
3.5253168620218427e-002	4.0787456677638168e-001
3.4988797487257202e-002	4.0619689295745398e-001
3.4726529961292059e-002	4.0452539099782214e-001
3.4475632500267556e-002	4.0291960089748025e-001
3.4205569408526544e-002	4.0118369927286318e-001
3.3949300900564382e-002	3.9952925915577570e-001
3.3680767821671551e-002	3.9778803883769187e-001
3.3438718257972858e-002	3.9621181515275739e-001
3.3172350835339190e-002	3.9446979290837547e-001
3.2918337991960242e-002	3.9280123915644849e-001
3.2666031832289368e-002	3.9113674671105381e-001
3.2403653319403675e-002	3.8939817790050740e-001
3.2163034279340676e-002	3.8779689255728395e-001
3.1917638260746700e-002	3.8615695733131727e-001
3.1647898747780200e-002	3.8434627398141463e-001
3.1404759857188658e-002	3.8270684852094206e-001
3.1157170008042159e-002	3.8103022890636934e-001
3.0906477771299266e-002	3.7932514994506578e-001
3.0677017537545471e-002	3.7775785058173844e-001
3.0433444273408928e-002	3.7608716021339628e-001
3.0192765430284433e-002	3.7442918724873797e-001
2.9936456169277210e-002	3.7265567153702250e-001
2.9711250919781017e-002	3.7109062074990939e-001
2.9452543436118105e-002	3.6928487703149693e-001
2.9220117031751439e-002	3.6765533254254767e-001
2.8991107417873734e-002	3.6604298344723152e-001
2.8745913935289181e-002	3.6430919019782371e-001
2.8500834349980641e-002	3.6256838339732772e-001
2.8278806488596493e-002	3.6098450696532536e-001
2.8044017845437232e-002	3.5930250055008311e-001
2.7815870840270585e-002	3.5766102668090055e-001
2.7569649518652473e-002	3.5588165168945374e-001
2.7357512466517454e-002	3.5434199760250551e-001
2.7114905250720980e-002	3.5257364890921494e-001
2.6887850686711789e-002	3.5091130817236282e-001
2.6663948143328144e-002	3.4926502383416896e-001
2.6440818238894194e-002	3.4761742986448452e-001
2.6214214786606110e-002	3.4593698830686359e-001
2.5975088314217205e-002	3.4415574840754420e-001
2.5756794904283686e-002	3.4252252584489346e-001
2.5542209364567400e-002	3.4091032545979505e-001
2.5313802583539283e-002	3.3918690978157540e-001
2.5086898706762274e-002	3.3746724582864857e-001
2.4884089965698245e-002	3.3592374530953995e-001
2.4644884304294110e-002	3.3409535763803100e-001
2.4445586816864845e-002	3.3256544762143359e-001
2.4213473112785332e-002	3.3077604601357230e-001
2.3992930097949946e-002	3.2906823552798092e-001
2.3796821493247772e-002	3.2754336418809993e-001
2.3577184681992124e-002	3.2582848688508881e-001
2.3357057072297623e-002	3.2410224226214590e-001
2.3138931307870328e-002	3.2238420217856556e-001
2.2937547410572561e-002	3.2079135909664780e-001
2.2729879384146216e-002	3.1914206234639397e-001
2.2516016601773915e-002	3.1743635728793806e-001
2.2303752622987200e-002	3.1573612244723709e-001
2.2086357952726846e-002	3.1398722192814899e-001
2.1895665378640797e-002	3.1244678939898984e-001
2.1681869067601906e-002	3.1071262722160875e-001
2.1468124929332554e-002	3.0897134440771257e-001
2.1263018739060367e-002	3.0729329576466424e-001
2.1077502636432332e-002	3.0576946683684347e-001
2.0857816622549558e-002	3.0395748685377511e-001
2.0672482624406158e-002	3.0242250213031052e-001
2.0457776224036009e-002	3.0063694998643542e-001
2.0268509933969676e-002	2.9905643378893854e-001
2.0061697127751920e-002	2.9732235702194276e-001
1.9865575849961018e-002	2.9567110586632905e-001
1.9661783575165188e-002	2.9394819851306747e-001
1.9475388516143301e-002	2.9236603172930609e-001
1.9275135144310066e-002	2.9065945110971125e-001
1.9067999398247583e-002	2.8888679347169754e-001
1.8888404387701670e-002	2.8734368978675973e-001
1.8695180998837099e-002	2.8567709553232001e-001
1.8496367656582840e-002	2.8395534059111871e-001
1.8302653237016998e-002	2.8227093928475444e-001
1.8115958231661490e-002	2.8064119441054558e-001
1.7909503585626287e-002	2.7883164059163101e-001
1.7724741070460737e-002	2.7720567600217894e-001
1.7528240560480413e-002	2.7546961174774615e-001
1.7350865490717488e-002	2.7389647950334739e-001
1.7157684947216860e-002	2.7217663044154283e-001
1.6976614290701943e-002	2.7055838650535619e-001
1.6788059420434008e-002	2.6886685531624560e-001
1.6604413934695444e-002	2.6721307439513797e-001
1.6412890259171302e-002	2.6548171903517709e-001
1.6229135392976109e-002	2.6381421804706917e-001
1.6041928266953040e-002	2.6210895744422458e-001
1.5856972292788256e-002	2.6041781726013913e-001
1.5687626496951532e-002	2.5886383506598964e-001
1.5494247952215195e-002	2.5708279610469376e-001
1.5321924766030896e-002	2.5548981362579104e-001
1.5138847920906931e-002	2.5379136205142150e-001
1.4964247321416910e-002	2.5216572717721220e-001
1.4771086941033539e-002	2.5036066856767747e-001
1.4604422376861693e-002	2.4879762044388071e-001
1.4415921751876545e-002	2.4702354684271804e-001
1.4244733157806368e-002	2.4540667134874239e-001
1.4058137409686221e-002	2.4363806366047708e-001
1.3897682880464607e-002	2.4211205433064636e-001
1.3715552805851093e-002	2.4037410783165769e-001
1.3540232665058010e-002	2.3869533731256259e-001
1.3365617145859527e-002	2.3701766349363490e-001
1.3192223441645791e-002	2.3534616153400306e-001
1.3026184367637786e-002	2.3374037143366111e-001
1.2847277211974232e-002	2.3200446980904404e-001
1.2677324550083515e-002	2.3035002969195661e-001
1.2499038493509093e-002	2.2860880937387273e-001
1.2338153765351315e-002	2.2703258568893825e-001
1.2160898835263027e-002	2.2529056344455634e-001
1.1991656171377907e-002	2.2362200969262935e-001
1.1823341101627810e-002	2.2195751724723467e-001
1.1648077190429283e-002	2.2021894843668832e-001
1.1487135257021004e-002	2.1861766309346481e-001
1.1322781071517388e-002	2.1697772786749819e-001
1.1141861120908534e-002	2.1516704451759550e-001
1.0978539821206810e-002	2.1352761905712292e-001
1.0811983898044530e-002	2.1185099944255020e-001
1.0643080912872579e-002	2.1014592048124670e-001
1.0488246129596651e-002	2.0857862111791931e-001
1.0323632657857506e-002	2.0690793074957720e-001
1.0160708760899919e-002	2.0524995778491884e-001
9.9869033635571220e-003	2.0347644207320342e-001
9.8339258492110143e-003	2.0191139128609026e-001
9.6578764359300864e-003	2.0010564756767785e-001
9.4994156575067424e-003	1.9847610307872859e-001
9.3430023820214297e-003	1.9686375398341244e-001
9.1752160478550584e-003	1.9512996073400457e-001
9.0071674951864369e-003	1.9338915393350864e-001
8.8546229229488609e-003	1.9180527750150617e-001
8.6929892201638159e-003	1.9012327108626403e-001
8.5356018764485252e-003	1.8848179721708147e-001
8.3653750171331712e-003	1.8670242222563460e-001
8.2183950562942278e-003	1.8516276813868637e-001
8.0499331590475898e-003	1.8339441944539586e-001
7.8919026018191198e-003	1.8173207870854363e-001
7.7357074973301108e-003	1.8008579437034983e-001
7.5796877371361237e-003	1.7843820040066538e-001
7.4208575476886083e-003	1.7675775884304445e-001
7.2528212214074935e-003	1.7497651894372512e-001
7.0990297555099556e-003	1.7334329638107437e-001
6.9474735339191199e-003	1.7173109599597591e-001
6.7857342866127247e-003	1.7000768031775632e-001
6.6246175721525156e-003	1.6828801636482948e-001
6.4729506085087823e-003	1.6666666669999999e-001
6.4729506068654866e-003	1.6666666669999999e-001
6.3956623823490724e-003	1.6491413169180003e-001
6.3286257027546713e-003	1.6338926035191903e-001
6.2534700912396657e-003	1.6167438304890794e-001
6.1780656881696878e-003	1.5994813842596498e-001
6.1032670555142901e-003	1.5823009834238469e-001
6.0341386692964252e-003	1.5663725526046693e-001
5.9627818144686873e-003	1.5498795851021308e-001
5.8892204834498155e-003	1.5328225345175719e-001
5.8161327145642289e-003	1.5158201861105619e-001
5.7411991926753919e-003	1.4983311809196809e-001
5.6754034251420282e-003	1.4829268556280892e-001
5.6015622268259478e-003	1.4655852338542788e-001
5.5276607101275299e-003	1.4481724057153167e-001
5.4566717465965101e-003	1.4313919192848340e-001
5.3924003502971683e-003	1.4161536300066258e-001
5.3162134471904585e-003	1.3980338301759418e-001
5.2518741117924227e-003	1.3826839829412960e-001
5.1772624330751124e-003	1.3648284615025455e-001
5.1114236120601182e-003	1.3490232995275767e-001
5.0394079557938704e-003	1.3316825318576189e-001
4.9710443177004432e-003	1.3151700203014813e-001
4.8999330253517159e-003	1.2979409467688657e-001
4.8348260519574873e-003	1.2821192789312519e-001
4.7648073331501214e-003	1.2650534727353036e-001
4.6923040700226175e-003	1.2473268963551667e-001
4.6293759954320925e-003	1.2318958595057886e-001
4.5616048716180489e-003	1.2152299169613914e-001
4.4917991130879915e-003	1.1980123675493778e-001
4.4237107764244776e-003	1.1811683544857357e-001
4.3580209822060637e-003	1.1648709057436468e-001
4.2852993567234106e-003	1.1467753675545016e-001
4.2201472760411696e-003	1.1305157216599801e-001
4.1507814183729085e-003	1.1131550791156525e-001
4.0881002145006229e-003	1.0974237566716646e-001
4.0197608486450508e-003	1.0802252660536188e-001
3.9556358526186518e-003	1.0640428266917532e-001
3.8887880140802307e-003	1.0471275148006473e-001
3.8236089656574143e-003	1.0305897055895707e-001
3.7555575813646921e-003	1.0132761519899620e-001
3.6901926091088069e-003	9.9660114210888245e-002
3.6235242686361961e-003	9.7954853608043693e-002
3.5575820910871605e-003	9.6263713423958203e-002
3.4971388327370029e-003	9.4709731229808747e-002
3.4280390492713881e-003	9.2928692268512803e-002
3.3663914493548552e-003	9.1335709789610128e-002
3.3008220992486147e-003	8.9637258215240614e-002
3.2382160299365987e-003	8.8011623341031311e-002
3.1688715780224166e-003	8.6206564731496571e-002
3.1089678403289529e-003	8.4643516607699795e-002
3.0411351235965570e-003	8.2869443006537161e-002
2.9794573125582896e-003	8.1252567512561491e-002
2.9121462534188337e-003	7.9483959824296138e-002
2.8541958420366855e-003	7.7957950494465494e-002
2.7883384197644918e-003	7.6220003995476807e-002
2.7248636141433032e-003	7.4541233476381696e-002
2.6615651753071345e-003	7.2863559657453988e-002
2.5986309941647082e-003	7.1192057697822150e-002
2.5382919303793029e-003	6.9586267597480211e-002
2.4731943089707879e-003	6.7850365972863189e-002
2.4112749807871786e-003	6.6195925855775703e-002
2.3462348915357801e-003	6.4454705537691864e-002
2.2874677434096442e-003	6.2878481852757365e-002
2.2226374723557912e-003	6.1136459608375451e-002
2.1606550859330706e-003	5.9467905856448497e-002
2.0989315582868213e-003	5.7803413411053814e-002
2.0345731866865998e-003	5.6064844600507396e-002
1.9753953423873073e-003	5.4463559257283939e-002
1.9148843561480351e-003	5.2823624031317282e-002
1.8481816776393899e-003	5.1012940681414598e-002
1.7878832029407862e-003	4.9373515220942035e-002
1.7263074316753897e-003	4.7696895606369319e-002
1.6637774790253246e-003	4.5991816645065783e-002
1.6063785518241024e-003	4.4424517281738421e-002
1.5452728578541561e-003	4.2753826913396284e-002
1.4847107250754998e-003	4.1095853948737965e-002
1.4200112094815880e-003	3.9322338237022497e-002
1.3629852567688013e-003	3.7757287449909360e-002
1.2972656326921631e-003	3.5951543731496949e-002
1.2380260436479053e-003	3.4321999242547696e-002
1.1794715381344629e-003	3.2709650147231512e-002
1.1165700416343348e-003	3.0975856897823673e-002
1.0534768316365108e-003	2.9235050097327714e-002
9.9612304274844434e-004	2.7651173665325324e-002
9.3526675786869979e-004	2.5969167250083108e-002
8.7592455529709231e-004	2.4327693380900545e-002
8.1164663517805432e-004	2.2548318389453703e-002
7.5606723597164849e-004	2.1008664302505475e-002
6.9227346558159344e-004	1.9240315609214964e-002
6.3234096763975468e-004	1.7577974872362789e-002
5.7301960596602228e-004	1.5931690534168957e-002
5.1368018381100014e-004	1.4284096564484483e-002
4.5318463563151327e-004	1.2603655006863557e-002
3.8908650410559675e-004	1.0822415107544198e-002
3.3033524502755680e-004	9.1891925448934486e-003
2.7235644392152938e-004	7.5769921597950429e-003
2.1039268848821718e-004	5.8535764815754177e-003
1.4857552481558299e-004	4.1339125286485590e-003
9.3098078859639747e-005	2.5904120095399108e-003
2.7386238097563406e-005	7.6202433803096437e-004
-2.7596888401065425e-005	-7.6788567856644896e-004
-9.1907544222827298e-005	-2.5572872864277063e-003
-1.5329093731488753e-004	-4.2650977720190830e-003
-2.0810599242477581e-004	-5.7899691119000785e-003
-2.6976223235139897e-004	-7.5048464149111982e-003
-3.3184222340733706e-004	-9.2310910378541333e-003
-3.9364558480750188e-004	-1.0949131121434447e-002
-4.5096461565713930e-004	-1.2541974203352180e-002
-5.1033780073878607e-004	-1.4191270953606033e-002
-5.7176904451521375e-004	-1.5896976012061914e-002
-6.3303429087994490e-004	-1.7597210852762918e-002
-6.9608890727377313e-004	-1.9346111371851021e-002
-7.5166032323758201e-004	-2.0886543901010191e-002
-8.1426059694050335e-004	-2.2620706078391228e-002
-8.7716393838341723e-004	-2.4361988892287439e-002
-9.3782988171258515e-004	-2.6040037535335736e-002
-9.9296293687798059e-004	-2.7563866463156533e-002
-1.0585775525793050e-003	-2.9375846446224929e-002
-1.1142121625365899e-003	-3.0910831169689512e-002
-1.1789899759924284e-003	-3.2696383313564559e-002
-1.2363873915682286e-003	-3.4276899511061443e-002
-1.2994273995290424e-003	-3.6010976278057216e-002
-1.3595235553070248e-003	-3.7662227433670981e-002
-1.4223006578477490e-003	-3.9385134786932535e-002
-1.4800181655600089e-003	-4.0967301570693920e-002
-1.5423508827116430e-003	-4.2673882190288753e-002
-1.6071845721016657e-003	-4.4446539828302434e-002
-1.6636978415167942e-003	-4.5989643513240280e-002
-1.7248153405576673e-003	-4.7656237767679965e-002
-1.7880477653176418e-003	-4.9377992708881296e-002
-1.8500019758477138e-003	-5.1062394015245566e-002
-1.9100368555544662e-003	-5.2692138889454426e-002
-1.9768035416763540e-003	-5.4501692708368965e-002
-2.0368964302167423e-003	-5.6127657297821099e-002
-2.1011660836374613e-003	-5.7863721552253861e-002
-2.1595026196578760e-003	-5.9436853796652644e-002
-2.2233901330547447e-003	-6.1156702858457201e-002
-2.2836111851510764e-003	-6.2774946794643821e-002
-2.3466741989093733e-003	-6.4466477983754406e-002
-2.4084458935627277e-003	-6.6120258904862034e-002
-2.4732410728593134e-003	-6.7851614264822918e-002
-2.5357711641245829e-003	-6.9519115252930863e-002
-2.5998465877230346e-003	-7.1224375855775401e-002
-2.6635234869738771e-003	-7.2915516039860906e-002
-2.7221543113041292e-003	-7.4469498234010362e-002
-2.7894941562882931e-003	-7.6250537195306278e-002
-2.8498550219259854e-003	-7.7843519674208994e-002
-2.9143515634451576e-003	-7.9541971248578480e-002
-2.9762201104332406e-003	-8.1167606122787811e-002
-3.0450772971769811e-003	-8.2972664732322537e-002
-3.1048411188419715e-003	-8.4535712856119299e-002
-3.1728322057635872e-003	-8.6309786457281962e-002
-3.2349480651777500e-003	-8.7926661951257618e-002
-3.3030589577197084e-003	-8.9695269639522929e-002
-3.3619686495706767e-003	-9.1221278969353642e-002
-3.4292221002247773e-003	-9.2959225468342316e-002
-3.4943520920579715e-003	-9.4637995987437412e-002
-3.5596054547804828e-003	-9.6315669806365106e-002
-3.6247861225358197e-003	-9.7987171765996944e-002
-3.6875638765090334e-003	-9.9592961866338897e-002
-3.7556065782227803e-003	-1.0132886349095596e-001
-3.8206309181882808e-003	-1.0298330360804339e-001
-3.8892526158315517e-003	-1.0472452392612727e-001
-3.9515389366954513e-003	-1.0630074761106176e-001
-4.0205640959995112e-003	-1.0804276985544367e-001
-4.0868646079251260e-003	-1.0971132360737065e-001
-4.1531876776131661e-003	-1.1137581605276534e-001
-4.2226608262518200e-003	-1.1311438486331168e-001
-4.2868295241849409e-003	-1.1471567020653520e-001
-4.3527292912070338e-003	-1.1635560543250181e-001
-4.4257069806897635e-003	-1.1816628878240451e-001
-4.4919803726299716e-003	-1.1980571424287709e-001
-4.5599540314481823e-003	-1.2148233385744980e-001
-4.6292874961704582e-003	-1.2318741281875331e-001
-4.6932034043990038e-003	-1.2475471218208070e-001
-4.7615325691482795e-003	-1.2642540255042281e-001
-4.8295442258929622e-003	-1.2808337551508117e-001
-4.9025209846728576e-003	-1.2985689122679658e-001
-4.9671149970004908e-003	-1.3142194201390975e-001
-5.0418723805460385e-003	-1.3322768573232216e-001
-5.1095477266601685e-003	-1.3485723022127141e-001
-5.1767089831285772e-003	-1.3646957931658757e-001
-5.2491525898661386e-003	-1.3820337256599544e-001
-5.3221241756820394e-003	-1.3994417936649137e-001
-5.3887234964108965e-003	-1.4152805579849384e-001
-5.4596653529440861e-003	-1.4321006221373597e-001
-5.5291139008673308e-003	-1.4485153608291854e-001
-5.6046396802702618e-003	-1.4663091107436541e-001
-5.6701955657928391e-003	-1.4817056516131363e-001
-5.7457250553533575e-003	-1.4993891385460414e-001
-5.8169582866903144e-003	-1.5160125459145637e-001
-5.8877258463419929e-003	-1.5324753892965018e-001
-5.9587723929890694e-003	-1.5489513289933463e-001
-6.0314659964633213e-003	-1.5657557445695555e-001
-6.1087755079548903e-003	-1.5835681435627488e-001
-6.1798929090994444e-003	-1.5999003691892563e-001
-6.2503136769478003e-003	-1.6160223730402409e-001
-6.3258336471797467e-003	-1.6332565298224369e-001
-6.4014387513893246e-003	-1.6504531693517052e-001
-6.4729506024479716e-003	-1.6666666660000001e-001
-6.4729505991613827e-003	-1.6666666660000001e-001
-6.6368991277186446e-003	-1.6841920160819998e-001
-6.7797701094237991e-003	-1.6994407294808098e-001
-6.9406972245808591e-003	-1.7165895025109207e-001
-7.1029718097238605e-003	-1.7338519487403503e-001
-7.2647644989256247e-003	-1.7510323495761532e-001
-7.4150333192416085e-003	-1.7669607803953308e-001
-7.5709063169031691e-003	-1.7834537478978690e-001
-7.7324171259807459e-003	-1.8005107984824281e-001
-7.8937294623107994e-003	-1.8175131468894382e-001
-8.0600014520769009e-003	-1.8350021520803189e-001
-8.2067493210234640e-003	-1.8504064773719109e-001
-8.3722924620622599e-003	-1.8677480991457213e-001
-8.5388866937516801e-003	-1.8851609272846834e-001
-8.6997921423606905e-003	-1.9019414137151661e-001
-8.8462239680803488e-003	-1.9171797029933743e-001
-9.0207439613179726e-003	-1.9352995028240583e-001
-9.1689313520338898e-003	-1.9506493500587041e-001
-9.3417169006266912e-003	-1.9685048714974546e-001
-9.4950355109120789e-003	-1.9843100334724234e-001
-9.6636631034201746e-003	-2.0016508011423811e-001
-9.8246459807292234e-003	-2.0181633126985188e-001
-9.9930492181508623e-003	-2.0353923862311343e-001
-1.0148094254542576e-002	-2.0512140540687482e-001
-1.0315766820296212e-002	-2.0682798602646965e-001
-1.0490418999726595e-002	-2.0860064366448333e-001
-1.0642865950556857e-002	-2.1014374734942115e-001
-1.0807950781421650e-002	-2.1181034160386086e-001
-1.0978985250113203e-002	-2.1353209654506222e-001
-1.1146794863357947e-002	-2.1521649785142644e-001
-1.1309624124309366e-002	-2.1684624272563532e-001
-1.1490962648030584e-002	-2.1865579654454984e-001
-1.1654399750183623e-002	-2.2028176113400200e-001
-1.1829430611612873e-002	-2.2201782538843473e-001
-1.1988511466104159e-002	-2.2359095763283354e-001
-1.2162955331666437e-002	-2.2531080669463810e-001
-1.2327602677688922e-002	-2.2692905063082469e-001
-1.2500241908284315e-002	-2.2862058181993528e-001
-1.2669564572706290e-002	-2.3027436274104290e-001
-1.2847405647967526e-002	-2.3200571810100379e-001
-1.3019252186810099e-002	-2.3367321908911176e-001
-1.3195570536414998e-002	-2.3537847969195630e-001
-1.3371016086043745e-002	-2.3706961987604180e-001
-1.3532754302149520e-002	-2.3862360207019126e-001
-1.3718747013762734e-002	-2.4040464103148718e-001
-1.3885671107856086e-002	-2.4199762351038986e-001
-1.4064247048252765e-002	-2.4369607508475938e-001
-1.4235753713210560e-002	-2.4532170995896868e-001
-1.4426870129963019e-002	-2.4712676856850341e-001
-1.4592947798540180e-002	-2.4868981669230020e-001
-1.4782112728095416e-002	-2.5046389029346283e-001
-1.4955138831636586e-002	-2.5208076578743849e-001
-1.5145089911801999e-002	-2.5384937347570385e-001
-1.5309569034520415e-002	-2.5537538280553451e-001
-1.5497556778500714e-002	-2.5711332930452319e-001
-1.5679823126093097e-002	-2.5879209982361828e-001
-1.5862644312043775e-002	-2.6046977364254598e-001
-1.6045469602545138e-002	-2.6214127560217781e-001
-1.6221749754961094e-002	-2.6374706570251977e-001
-1.6413028076493447e-002	-2.6548296732713683e-001
-1.6596027921395272e-002	-2.6713740744422432e-001
-1.6789369179698286e-002	-2.6887862776230814e-001
-1.6965052278660769e-002	-2.7045485144724263e-001
-1.7159954299266960e-002	-2.7219687369162454e-001
-1.7347370787622593e-002	-2.7386542744355147e-001
-1.7535053371027742e-002	-2.7552991988894615e-001
-1.7731865596339446e-002	-2.7726848869949261e-001
-1.7913845238709168e-002	-2.7886977404271607e-001
-1.8100927264549916e-002	-2.8050970926868268e-001
-1.8308329600839189e-002	-2.8232039261858538e-001
-1.8496883622340126e-002	-2.8395981807905796e-001
-1.8690476774124210e-002	-2.8563643769363067e-001
-1.8888151934859453e-002	-2.8734151665493424e-001
-1.9070567323942543e-002	-2.8890881601826157e-001
-1.9265774507517992e-002	-2.9057950638660368e-001
-1.9460275137793880e-002	-2.9223747935126199e-001
-1.9669196413094430e-002	-2.9401099506297745e-001
-1.9854309481473265e-002	-2.9557604585009067e-001
-2.0068770768508042e-002	-2.9738178956850303e-001
-2.0263120025777272e-002	-2.9901133405745228e-001
-2.0456184463840076e-002	-3.0062368315276844e-001
-2.0664646918625972e-002	-3.0235747640217631e-001
-2.0874851598896734e-002	-3.0409828320267229e-001
-2.1066894801266247e-002	-3.0568215963467466e-001
-2.1271663831555987e-002	-3.0736416604991690e-001
-2.1472325779620650e-002	-3.0900563991909946e-001
-2.1690774859024816e-002	-3.1078501491054633e-001
-2.1880579370514925e-002	-3.1232466899749450e-001
-2.2099481632664918e-002	-3.1409301769078501e-001
-2.2306149041696043e-002	-3.1575535842763719e-001
-2.2511673609336987e-002	-3.1740164276583105e-001
-2.2718217129126802e-002	-3.1904923673551555e-001
-2.2929765394698303e-002	-3.2072967829313642e-001
-2.3154986986256752e-002	-3.2251091819245581e-001
-2.3362388472439093e-002	-3.2414414075510656e-001
-2.3567965438237200e-002	-3.2575634114020491e-001
-2.3788657703367223e-002	-3.2747975681842456e-001
-2.4009837029738745e-002	-3.2919942077135145e-001
-2.4209186307640847e-002	-3.3074292129046007e-001
-2.4446348871277123e-002	-3.3257130896196901e-001
-2.4645649347705488e-002	-3.3410121897856643e-001
-2.4879746324593457e-002	-3.3589062058642771e-001
-2.5104172888254953e-002	-3.3759843107201903e-001
-2.5305391947065270e-002	-3.3912330241190003e-001
-2.5532627477381813e-002	-3.4083817971491115e-001
-2.5762383513095146e-002	-3.4256442433785411e-001
-2.5992063346795997e-002	-3.4428246442143440e-001
-2.6205915949003233e-002	-3.4587530750335216e-001
-2.6428275285479415e-002	-3.4752460425360598e-001
-2.6659237041886819e-002	-3.4923030931206189e-001
-2.6890472503169227e-002	-3.5093054415276292e-001
-2.7129388645592795e-002	-3.5267944467185097e-001
-2.7340722571966933e-002	-3.5421987720101017e-001
-2.7579644070980482e-002	-3.5595403937839121e-001
-2.7820627634020809e-002	-3.5769532219228739e-001
-2.8053889894755192e-002	-3.5937337083533571e-001
-2.8266594230728775e-002	-3.6089719976315648e-001
-2.8520615312692756e-002	-3.6270917974622491e-001
-2.8736739395875843e-002	-3.6424416446968949e-001
-2.8989227033065057e-002	-3.6602971661356454e-001
-2.9213698283697926e-002	-3.6761023281106142e-001
-2.9461039032913371e-002	-3.6934430957805719e-001
-2.9697601529574937e-002	-3.7099556073367096e-001
-2.9945511447622739e-002	-3.7271846808693254e-001
-3.0174147353466716e-002	-3.7430063487069387e-001
-3.0421815390396244e-002	-3.7600721549028870e-001
-3.0680235295026941e-002	-3.7777987312830241e-001
-3.0906158968763569e-002	-3.7932297681324023e-001
-3.1151179322813655e-002	-3.8098957106767994e-001
-3.1405422497236365e-002	-3.8271132600888125e-001
-3.1655249087273081e-002	-3.8439572731524552e-001
-3.1898008185077931e-002	-3.8602547218945438e-001
-3.2168752872813192e-002	-3.8783502600836894e-001
-3.2413112266432099e-002	-3.8946099059782108e-001
-3.2675154494166019e-002	-3.9119705485225387e-001
-3.2913621137984038e-002	-3.9277018709665262e-001
-3.3175439297363635e-002	-3.9449003615845718e-001
-3.3422853529246913e-002	-3.9610828009464383e-001
-3.3682579337875995e-002	-3.9779981128375441e-001
-3.3937606387068275e-002	-3.9945359220486198e-001
-3.4205763178340343e-002	-4.0118494756482292e-001
-3.4465162813202860e-002	-4.0285244855293084e-001
-3.4731590173811090e-002	-4.0455770915577538e-001
-3.4996967789919009e-002	-4.0624884933986088e-001
-3.5241841111132023e-002	-4.0780283153401031e-001
-3.5523697879128388e-002	-4.0958387049530626e-001
-3.5776887416217346e-002	-4.1117685297420897e-001
-3.6047981597707592e-002	-4.1287530454857846e-001
-3.6308560264278117e-002	-4.1450093942278776e-001
-3.6599172336919956e-002	-4.1630599803232249e-001
-3.6851906845264973e-002	-4.1786904615611931e-001
-3.7139988021294139e-002	-4.1964311975728191e-001
-3.7403681146519305e-002	-4.2125999525125757e-001
-3.7693367418899636e-002	-4.2302860293952294e-001
-3.7944368459099612e-002	-4.2455461226935359e-001
-3.8231418766400703e-002	-4.2629255876834227e-001
-3.8509901685339867e-002	-4.2797132928743736e-001
-3.8789390938371866e-002	-4.2964900310636511e-001
-3.9069037059763972e-002	-4.3132050506599690e-001
-3.9338806913778925e-002	-4.3292629516633890e-001
-3.9631670851658224e-002	-4.3466219679095591e-001
-3.9911989826379203e-002	-4.3631663690804340e-001
-4.0208279540494100e-002	-4.3805785722612722e-001
-4.0477617139094139e-002	-4.3963408091106171e-001
-4.0776531971857703e-002	-4.4137610315544362e-001
-4.1064070953859125e-002	-4.4304465690737060e-001
-4.1352113411512903e-002	-4.4470914935276529e-001
-4.1654262000994362e-002	-4.4644771816331169e-001
-4.1933718741881114e-002	-4.4804900350653515e-001
-4.2221083739398230e-002	-4.4968893873250182e-001
-4.2539739933252482e-002	-4.5149962208240446e-001
-4.2829501841807331e-002	-4.5313904754287709e-001
-4.3127064815885414e-002	-4.5481566715744975e-001
-4.3430954970312227e-002	-4.5652074611875332e-001
-4.3711427511965419e-002	-4.5808804548208065e-001
-4.4011606145543308e-002	-4.5975873585042282e-001
-4.4310731391442384e-002	-4.6141670881508112e-001
-4.4632064332662799e-002	-4.6319022452679653e-001
-4.4916799188952757e-002	-4.6475527531390975e-001
-4.5246693729376349e-002	-4.6656101903232217e-001
-4.5545661127985360e-002	-4.6819056352127142e-001
-4.5842656247384726e-002	-4.6980291261658758e-001
-4.6163337337740938e-002	-4.7153670586599544e-001
-4.6486691301195329e-002	-4.7327751266649137e-001
-4.6782096341457809e-002	-4.7486138909849379e-001
-4.7097059296819281e-002	-4.7654339551373598e-001
-4.7405682806556979e-002	-4.7818486938291854e-001
-4.7741632829766928e-002	-4.7996424437436541e-001
-4.8033500386870480e-002	-4.8150389846131358e-001
-4.8370072160480643e-002	-4.8327224715460410e-001
-4.8687788025474937e-002	-4.8493458789145633e-001
-4.9003699747237034e-002	-4.8658087222965013e-001
-4.9321125929273110e-002	-4.8822846619933463e-001
-4.9646185475513929e-002	-4.8990890775695550e-001
-4.9992185564742074e-002	-4.9169014765627489e-001
-5.0310741574963028e-002	-4.9332337021892564e-001
-5.0626427371280203e-002	-4.9493557060402404e-001
-5.0965245105193485e-002	-4.9665898628224370e-001
-5.1304724134192632e-002	-4.9837865023517047e-001
-5.1626077891995227e-002	-4.9999999989999999e-001
