-9.9300706281615723e-003	5.0000000000000000e-001
-9.8196235812949128e-003	4.9824746499180006e-001
-9.7240659944214953e-003	4.9672259365191901e-001
-9.6172009549807692e-003	4.9500771634890794e-001
-9.5102654721978541e-003	4.9328147172596498e-001
-9.4044706065627894e-003	4.9156343164238470e-001
-9.3069461115954880e-003	4.8997058856046694e-001
-9.2065311756846391e-003	4.8832129181021311e-001
-9.1032848225886254e-003	4.8661558675175720e-001
-9.0009767545259009e-003	4.8491535191105622e-001
-8.8963696965785339e-003	4.8316645139196812e-001
-8.8047578869774271e-003	4.8162601886280892e-001
-8.7022115153100946e-003	4.7989185668542789e-001
-8.5998664533567248e-003	4.7815057387153170e-001
-8.5018251946369274e-003	4.7647252522848338e-001
-8.4132912658961695e-003	4.7494869630066261e-001
-8.3086284989495832e-003	4.7313671631759419e-001
-8.2204836783132517e-003	4.7160173159412960e-001
-8.1185454403231196e-003	4.6981617945025456e-001
-8.0288443145138562e-003	4.6823566325275767e-001
-7.9309993241280293e-003	4.6650158648576190e-001
-7.8383807468355472e-003	4.6485033533014813e-001
-7.7423151913395289e-003	4.6312742797688655e-001
-7.6546092335617530e-003	4.6154526119312522e-001
-7.5605535589497262e-003	4.5983868057353039e-001
-7.4634542890125600e-003	4.5806602293551668e-001
-7.3794228415769332e-003	4.5652291925057886e-001
-7.2891802299391312e-003	4.5485632499613915e-001
-7.1965082189943824e-003	4.5313457005493779e-001
-7.1063921635736880e-003	4.5145016874857358e-001
-7.0197111232981717e-003	4.4982042387436472e-001
-6.9240522286785717e-003	4.4801087005545015e-001
-6.8386213908086576e-003	4.4638490546599802e-001
-6.7479492632920995e-003	4.4464884121156528e-001
-6.6662691724249587e-003	4.4307570896716647e-001
-6.5774932855334712e-003	4.4135585990536191e-001
-6.4944574902741862e-003	4.3973761596917532e-001
-6.4081719237747067e-003	4.3804608478006474e-001
-6.3243141329849609e-003	4.3639230385895711e-001
-6.2370519077670989e-003	4.3466094849899622e-001
-6.1535169584805167e-003	4.3299344751088825e-001
-6.0686040968558775e-003	4.3128818690804371e-001
-5.9849046036950029e-003	4.2959704672395821e-001
-5.9084390742391510e-003	4.2804306452980878e-001
-5.8213229853398916e-003	4.2626202556851278e-001
-5.7438751787999018e-003	4.2466904308961012e-001
-5.6617856787400016e-003	4.2297059151524063e-001
-5.5836828212403981e-003	4.2134495664103133e-001
-5.4974920965426459e-003	4.1953989803149661e-001
-5.4233074212911951e-003	4.1797684990769979e-001
-5.3396104864081445e-003	4.1620277630653718e-001
-5.2637933618296618e-003	4.1458590081256153e-001
-5.1813646232420144e-003	4.1281729312429616e-001
-5.1106627940314189e-003	4.1129128379446550e-001
-5.0306130740626421e-003	4.0955333729547683e-001
-4.9537629526330822e-003	4.0787456677638168e-001
-4.8774255755877636e-003	4.0619689295745398e-001
-4.8018261670481309e-003	4.0452539099782214e-001
-4.7296260340545446e-003	4.0291960089748025e-001
-4.6520439000072144e-003	4.0118369927286318e-001
-4.5785524452857749e-003	3.9952925915577570e-001
-4.5016775040985623e-003	3.9778803883769187e-001
-4.4325015122288853e-003	3.9621181515275739e-001
-4.3565042882146845e-003	3.9446979290837547e-001
-4.2841575608877080e-003	3.9280123915644849e-001
-4.2124183693017219e-003	3.9113674671105381e-001
-4.1379436826648498e-003	3.8939817790050740e-001
-4.0697604121405079e-003	3.8779689255728395e-001
-4.0003369444024410e-003	3.8615695733131727e-001
-3.9241587582554433e-003	3.8434627398141463e-001
-3.8556115264166656e-003	3.8270684852094206e-001
-3.7859249363177729e-003	3.8103022890636934e-001
-3.7154838208331188e-003	3.7932514994506578e-001
-3.6511132135299555e-003	3.7775785058173844e-001
-3.5828927763821459e-003	3.7608716021339628e-001
-3.5155934817275476e-003	3.7442918724873797e-001
-3.4440441666716143e-003	3.7265567153702250e-001
-3.3812801442120854e-003	3.7109062074990939e-001
-3.3092973520428689e-003	3.6928487703149693e-001
-3.2447346132616628e-003	3.6765533254254767e-001
-3.1812204095246124e-003	3.6604298344723152e-001
-3.1133269057981045e-003	3.6430919019782371e-001
-3.0455775154847884e-003	3.6256838339732772e-001
-2.9842974347311078e-003	3.6098450696532536e-001
-2.9195953323968710e-003	3.5930250055008311e-001
-2.8568216779699890e-003	3.5766102668090055e-001
-2.7891831756631773e-003	3.5588165168945374e-001
-2.7309976241561189e-003	3.5434199760250551e-001
-2.6645561364728662e-003	3.5257364890921494e-001
-2.6024717038694643e-003	3.5091130817236282e-001
-2.5413412915445753e-003	3.4926502383416896e-001
-2.4805124588075469e-003	3.4761742986448452e-001
-2.4188288417602080e-003	3.4593698830686359e-001
-2.3538365315578943e-003	3.4415574840754420e-001
-2.2945957875131272e-003	3.4252252584489346e-001
-2.2364439183466607e-003	3.4091032545979505e-001
-2.1746360045862990e-003	3.3918690978157540e-001
-2.1133255279713837e-003	3.3746724582864857e-001
-2.0586016931541393e-003	3.3592374530953995e-001
-1.9941484387512487e-003	3.3409535763803100e-001
-1.9405234253319281e-003	3.3256544762143359e-001
-1.8781538795088742e-003	3.3077604601357230e-001
-1.8189777437697711e-003	3.2906823552798092e-001
-1.7664262501680618e-003	3.2754336418809993e-001
-1.7076455814413068e-003	3.2582848688508881e-001
-1.6488130183634764e-003	3.2410224226214590e-001
-1.5905930776569646e-003	3.2238420217856556e-001
-1.5369095060323986e-003	3.2079135909664780e-001
-1.4816181185081812e-003	3.1914206234639397e-001
-1.4247479865124621e-003	3.1743635728793806e-001
-1.3683728967531013e-003	3.1573612244723709e-001
-1.3107062816999238e-003	3.1398722192814899e-001
-1.2601811168387390e-003	3.1244678939898984e-001
-1.2035983475033281e-003	3.1071262722160875e-001
-1.1470957684846586e-003	3.0897134440771257e-001
-1.0929378917288624e-003	3.0729329576466424e-001
-1.0440034992294290e-003	3.0576946683684347e-001
-9.8611710250154578e-004	3.0395748685377511e-001
-9.3733285641407716e-004	3.0242250213031052e-001
-8.8087364087594900e-004	3.0063694998643542e-001
-8.3115335396626456e-004	2.9905643378893854e-001
-7.7687499486078651e-004	2.9732235702194276e-001
-7.2545096377908008e-004	2.9567110586632905e-001
-6.7206399812531578e-004	2.9394819851306747e-001
-6.2327652187831842e-004	2.9236603172930609e-001
-5.7090504944246685e-004	2.9065945110971125e-001
-5.1677928490206438e-004	2.8888679347169754e-001
-4.6988630132302435e-004	2.8734368978675973e-001
-4.1947105895706366e-004	2.8567709553232001e-001
-3.6763487759758893e-004	2.8395534059111871e-001
-3.1716317405919769e-004	2.8227093928475444e-001
-2.6855155276449987e-004	2.8064119441054558e-001
-2.1482872676310046e-004	2.7883164059163101e-001
-1.6677897724038868e-004	2.7720567600217894e-001
-1.1570426713209021e-004	2.7546961174774615e-001
-6.9623559134350576e-005	2.7389647950334739e-001
-1.9459621757131340e-005	2.7217663044154283e-001
2.7539707328561860e-005	2.7055838650535619e-001
7.6462953545105954e-005	2.6886685531624560e-001
1.2409587336497958e-004	2.6721307439513797e-001
1.7375685667807782e-004	2.6548171903517709e-001
2.2139070162023448e-004	2.6381421804706917e-001
2.6990871379859544e-004	2.6210895744422458e-001
3.1783474661862729e-004	2.6041781726013913e-001
3.6171022539346789e-004	2.5886383506598964e-001
4.1180795752298791e-004	2.5708279610469376e-001
4.5644907865797406e-004	2.5548981362579104e-001
5.0387622370633742e-004	2.5379136205142150e-001
5.4910986478630191e-004	2.5216572717721220e-001
5.9915694861550645e-004	2.5036066856767747e-001
6.4234557676001313e-004	2.4879762044388071e-001
6.9120246830624114e-004	2.4702354684271804e-001
7.3558357742649892e-004	2.4540667134874239e-001
7.8397388349181756e-004	2.4363806366047708e-001
8.2559945026414476e-004	2.4211205433064636e-001
8.7286692798827729e-004	2.4037410783165769e-001
9.1838843953282725e-004	2.3869533731256259e-001
9.6375044462959853e-004	2.3701766349363490e-001
1.0088207793011578e-003	2.3534616153400306e-001
1.0520058806768446e-003	2.3374037143366111e-001
1.0985695552227091e-003	2.3200446980904404e-001
1.1428358121009538e-003	2.3035002969195661e-001
1.1893102455886018e-003	2.2860880937387273e-001
1.2312842461164254e-003	2.2703258568893825e-001
1.2775711863968796e-003	2.2529056344455634e-001
1.3218098473352026e-003	2.2362200969262935e-001
1.3658515146012730e-003	2.2195751724723467e-001
1.4117627095293957e-003	2.2021894843668832e-001
1.4539710585305251e-003	2.1861766309346481e-001
1.4971253622638944e-003	2.1697772786749819e-001
1.5446923397801544e-003	2.1516704451759550e-001
1.5876921402192988e-003	2.1352761905712292e-001
1.6316051099376093e-003	2.1185099944255020e-001
1.6762035352842343e-003	2.1014592048124670e-001
1.7171490573704546e-003	2.0857862111791931e-001
1.7607483119231131e-003	2.0690793074957720e-001
1.8039719121435002e-003	2.0524995778491884e-001
1.8501646935719443e-003	2.0347644207320342e-001
1.8908953036822903e-003	2.0191139128609026e-001
1.9378574383329562e-003	2.0010564756767785e-001
1.9802120342873762e-003	1.9847610307872859e-001
2.0221008105055028e-003	1.9686375398341244e-001
2.0671287694732751e-003	1.9512996073400457e-001
2.1123276560194122e-003	1.9338915393350864e-001
2.1534468795265517e-003	1.9180527750150617e-001
2.1971132598956043e-003	1.9012327108626403e-001
2.2397317555795256e-003	1.8848179721708147e-001
2.2859411212282988e-003	1.8670242222563460e-001
2.3259384434616646e-003	1.8516276813868637e-001
2.3718975503918042e-003	1.8339441944539586e-001
2.4151269312009823e-003	1.8173207870854363e-001
2.4579681286262204e-003	1.8008579437034983e-001
2.5008776588234293e-003	1.7843820040066538e-001
2.5446831602205203e-003	1.7675775884304445e-001
2.5911668344562192e-003	1.7497651894372512e-001
2.6338389336911373e-003	1.7334329638107437e-001
2.6760147540177063e-003	1.7173109599597591e-001
2.7211637005664152e-003	1.7000768031775632e-001
2.7662857407891664e-003	1.6828801636482948e-001
2.8088987622148153e-003	1.6666666669999999e-001
2.8088987636903364e-003	1.6666666669999999e-001
2.7774641695951889e-003	1.6491413169180003e-001
2.7501813959790937e-003	1.6338926035191903e-001
2.7195731230772410e-003	1.6167438304890794e-001
2.6888391947192517e-003	1.5994813842596498e-001
2.6583263009246159e-003	1.5823009834238469e-001
2.6301020615608671e-003	1.5663725526046693e-001
2.6009418704328597e-003	1.5498795851021308e-001
2.5708515213383135e-003	1.5328225345175719e-001
2.5409238807206744e-003	1.5158201861105619e-001
2.5102067638542403e-003	1.4983311809196809e-001
2.4832060515136301e-003	1.4829268556280892e-001
2.4528696074774597e-003	1.4655852338542788e-001
2.4224708222738106e-003	1.4481724057153167e-001
2.3932333527318457e-003	1.4313919192848340e-001
2.3667304522604605e-003	1.4161536300066258e-001
2.3352732369552199e-003	1.3980338301759418e-001
2.3086722741710581e-003	1.3826839829412960e-001
2.2777822423317366e-003	1.3648284615025455e-001
2.2504858028593510e-003	1.3490232995275767e-001
2.2205860878194892e-003	1.3316825318576189e-001
2.1921606541349908e-003	1.3151700203014813e-001
2.1625483447924631e-003	1.2979409467688657e-001
2.1353957990253294e-003	1.2821192789312519e-001
2.1061506643102476e-003	1.2650534727353036e-001
2.0758186102172583e-003	1.2473268963551667e-001
2.0494510703228655e-003	1.2318958595057886e-001
2.0210105769227532e-003	1.2152299169613914e-001
1.9916681484417492e-003	1.1980123675493778e-001
1.9629998955034669e-003	1.1811683544857357e-001
1.9352962288893831e-003	1.1648709057436468e-001
1.9045744054503844e-003	1.1467753675545016e-001
1.8770028875017568e-003	1.1305157216599801e-001
1.8475982326246832e-003	1.1131550791156525e-001
1.8209825161545506e-003	1.0974237566716646e-001
1.7919153797740079e-003	1.0802252660536188e-001
1.7645940308774614e-003	1.0640428266917532e-001
1.7360640331943870e-003	1.0471275148006473e-001
1.7081982176117472e-003	1.0305897055895707e-001
1.6790534706933359e-003	1.0132761519899620e-001
1.6510099985376750e-003	9.9660114210888245e-002
1.6223574040237464e-003	9.7954853608043693e-002
1.5939671013057699e-003	9.6263713423958203e-002
1.5679006388793404e-003	9.4709731229808747e-002
1.5380497748568290e-003	9.2928692268512803e-002
1.5113720354675935e-003	9.1335709789610128e-002
1.4829493426153817e-003	8.9637258215240614e-002
1.4557651529997469e-003	8.8011623341031311e-002
1.4256026845211643e-003	8.6206564731496571e-002
1.3995023399956288e-003	8.4643516607699795e-002
1.3698978960931438e-003	8.2869443006537161e-002
1.3429342635552714e-003	8.1252567512561491e-002
1.3134588234271834e-003	7.9483959824296138e-002
1.2880415316552441e-003	7.7957950494465494e-002
1.2591105554402319e-003	7.6220003995476807e-002
1.2311806114506608e-003	7.4541233476381696e-002
1.2032839971427563e-003	7.2863559657453988e-002
1.1755044556255520e-003	7.1192057697822150e-002
1.1488300976313800e-003	6.9586267597480211e-002
1.1200082949849235e-003	6.7850365972863189e-002
1.0925519482948094e-003	6.6195925855775703e-002
1.0636685246394550e-003	6.4454705537691864e-002
1.0375332026509722e-003	6.2878481852757365e-002
1.0086605994105470e-003	6.1136459608375451e-002
9.8101685499723764e-004	5.9467905856448497e-002
9.5345085108077291e-004	5.7803413411053814e-002
9.2466874368402508e-004	5.6064844600507396e-002
8.9816863702238913e-004	5.4463559257283939e-002
8.7103772758483869e-004	5.2823624031317282e-002
8.4109190742406013e-004	5.1012940681414598e-002
8.1398701193338393e-004	4.9373515220942035e-002
7.8627524335794536e-004	4.7696895606369319e-002
7.5810107490693435e-004	4.5991816645065783e-002
7.3221031320075804e-004	4.4424517281738421e-002
7.0461842185528514e-004	4.2753826913396284e-002
6.7724319571250198e-004	4.1095853948737965e-002
6.4796716313376046e-004	3.9322338237022497e-002
6.2213800006891238e-004	3.7757287449909360e-002
5.9234275933296807e-004	3.5951543731496949e-002
5.6546029518448780e-004	3.4321999242547696e-002
5.3886630305972970e-004	3.2709650147231512e-002
5.1027424542248747e-004	3.0975856897823673e-002
4.8157145427775070e-004	2.9235050097327714e-002
4.5546018770505981e-004	2.7651173665325324e-002
4.2773511039274507e-004	2.5969167250083108e-002
4.0068178862936603e-004	2.4327693380900545e-002
3.7135947579091565e-004	2.2548318389453703e-002
3.4599045611901919e-004	2.1008664302505475e-002
3.1685630218462852e-004	1.9240315609214964e-002
2.8947142240697026e-004	1.7577974872362789e-002
2.6235343989778427e-004	1.5931690534168957e-002
2.3521603164686450e-004	1.4284096564484483e-002
2.0753956676199868e-004	1.2603655006863557e-002
1.7820488678216086e-004	1.0822415107544198e-002
1.5130934610935415e-004	9.1891925448934486e-003
1.2476117174380964e-004	7.5769921597950429e-003
9.6382668785928831e-005	5.8535764815754177e-003
6.8066788306717831e-005	4.1339125286485590e-003
4.2652118023527831e-005	2.5904120095399108e-003
1.2546982433430643e-005	7.6202433803096437e-004
-1.2643491397210592e-005	-7.6788567856644896e-004
-4.2106703337733208e-005	-2.5572872864277063e-003
-7.0226852320392163e-005	-4.2650977720190830e-003
-9.5335300269723224e-005	-5.7899691119000785e-003
-1.2357316862694111e-004	-7.5048464149111982e-003
-1.5199930511653807e-004	-9.2310910378541333e-003
-1.8029167394835745e-004	-1.0949131121434447e-002
-2.0652373371590611e-004	-1.2541974203352180e-002
-2.3368716652445671e-004	-1.4191270953606033e-002
-2.6178163802774467e-004	-1.5896976012061914e-002
-2.8978829558924847e-004	-1.7597210852762918e-002
-3.1859923604391800e-004	-1.9346111371851021e-002
-3.4397837733607189e-004	-2.0886543901010191e-002
-3.7255227944943376e-004	-2.2620706078391228e-002
-4.0124698184016425e-004	-2.4361988892287439e-002
-4.2890321100737364e-004	-2.6040037535335736e-002
-4.5402097643369743e-004	-2.7563866463156533e-002
-4.8389275832676443e-004	-2.9375846446224929e-002
-5.0920200065975724e-004	-3.0910831169689512e-002
-5.3864749974927208e-004	-3.2696383313564559e-002
-5.6471635916681829e-004	-3.4276899511061443e-002
-5.9332330898201303e-004	-3.6010976278057216e-002
-6.2056932105776388e-004	-3.7662227433670981e-002
-6.4900364883067310e-004	-3.9385134786932535e-002
-6.7512090037519191e-004	-4.0967301570693920e-002
-7.0329828456590197e-004	-4.2673882190288753e-002
-7.3257406766396454e-004	-4.4446539828302434e-002
-7.5806517176409995e-004	-4.5989643513240280e-002
-7.8560333425995387e-004	-4.7656237767679965e-002
-8.1406102821051686e-004	-4.9377992708881296e-002
-8.4190965254318394e-004	-5.1062394015245566e-002
-8.6886282727537546e-004	-5.2692138889454426e-002
-8.9879961748275442e-004	-5.4501692708368965e-002
-9.2570842660415979e-004	-5.6127657297821099e-002
-9.5444944925249069e-004	-5.7863721552253861e-002
-9.8050250115957983e-004	-5.9436853796652644e-002
-1.0089960454298299e-003	-6.1156702858457201e-002
-1.0358168509643252e-003	-6.2774946794643821e-002
-1.0638637625006756e-003	-6.4466477983754406e-002
-1.0912965070503764e-003	-6.6120258904862034e-002
-1.1200290157761252e-003	-6.7851614264822918e-002
-1.1477148781592471e-003	-6.9519115252930863e-002
-1.1760414341935755e-003	-7.1224375855775401e-002
-1.2041477149649577e-003	-7.2915516039860906e-002
-1.2299874823757677e-003	-7.4469498234010362e-002
-1.2596186839536850e-003	-7.6250537195306278e-002
-1.2861361133726656e-003	-7.7843519674208994e-002
-1.3144253360715843e-003	-7.9541971248578480e-002
-1.3415178679852104e-003	-8.1167606122787811e-002
-1.3716198243527212e-003	-8.2972664732322537e-002
-1.3977027995868386e-003	-8.4535712856119299e-002
-1.4273269039117159e-003	-8.6309786457281962e-002
-1.4543449360643469e-003	-8.7926661951257618e-002
-1.4839197778292296e-003	-8.9695269639522929e-002
-1.5094564119223714e-003	-9.1221278969353642e-002
-1.5385613090449074e-003	-9.2959225468342316e-002
-1.5666978349237494e-003	-9.4637995987437412e-002
-1.5948389647530905e-003	-9.6315669806365106e-002
-1.6229001906912482e-003	-9.7987171765996944e-002
-1.6498811831896893e-003	-9.9592961866338897e-002
-1.6790744736378293e-003	-1.0132886349095596e-001
-1.7069238833030801e-003	-1.0298330360804339e-001
-1.7362624924429685e-003	-1.0472452392612727e-001
-1.7628469366047792e-003	-1.0630074761106176e-001
-1.7922573267892465e-003	-1.0804276985544367e-001
-1.8204574228610100e-003	-1.0971132360737065e-001
-1.8486191301241533e-003	-1.1137581605276534e-001
-1.8780674285506791e-003	-1.1311438486331168e-001
-1.9052214106675348e-003	-1.1471567020653520e-001
-1.9330625848418561e-003	-1.1635560543250181e-001
-1.9638410644506384e-003	-1.1816628878240451e-001
-1.9917444036411051e-003	-1.1980571424287709e-001
-2.0203172226197713e-003	-1.2148233385744980e-001
-2.0494139608393425e-003	-1.2318741281875331e-001
-2.0761951610631332e-003	-1.2475471218208070e-001
-2.1047817388767064e-003	-1.2642540255042281e-001
-2.1331913143865511e-003	-1.2808337551508117e-001
-2.1636268336674065e-003	-1.2985689122679658e-001
-2.1905255895081671e-003	-1.3142194201390975e-001
-2.2216100200966368e-003	-1.3322768573232216e-001
-2.2497075325018660e-003	-1.3485723022127141e-001
-2.2775529365330191e-003	-1.3646957931658757e-001
-2.3075463345616676e-003	-1.3820337256599544e-001
-2.3377153662128493e-003	-1.3994417936649137e-001
-2.3652133244823096e-003	-1.4152805579849384e-001
-2.3944670417312907e-003	-1.4321006221373597e-001
-2.4230689519233557e-003	-1.4485153608291854e-001
-2.4541346676421648e-003	-1.4663091107436541e-001
-2.4810676864088421e-003	-1.4817056516131363e-001
-2.5120630248584336e-003	-1.4993891385460414e-001
-2.5412621104266694e-003	-1.5160125459145637e-001
-2.5702398190686061e-003	-1.5324753892965018e-001
-2.5993025921770435e-003	-1.5489513289933463e-001
-2.6290103527018137e-003	-1.5657557445695555e-001
-2.6605743026276271e-003	-1.5835681435627488e-001
-2.6895842503445360e-003	-1.5999003691892563e-001
-2.7182871080216279e-003	-1.6160223730402409e-001
-2.7490447002733549e-003	-1.6332565298224369e-001
-2.7798142617177666e-003	-1.6504531693517052e-001
-2.8088987618942371e-003	-1.6666666660000001e-001
-2.8088987648452789e-003	-1.6666666660000001e-001
-2.7628409420367714e-003	-1.6841920160819998e-001
-2.7228313797591696e-003	-1.6994407294808098e-001
-2.6779034238208319e-003	-1.7165895025109207e-001
-2.6327435748364262e-003	-1.7338519487403503e-001
-2.5878581703612314e-003	-1.7510323495761532e-001
-2.5462918927763563e-003	-1.7669607803953308e-001
-2.5032963078500297e-003	-1.7834537478978690e-001
-2.4588718541448877e-003	-1.8005107984824281e-001
-2.4146265364480952e-003	-1.8175131468894382e-001
-2.3691472086795457e-003	-1.8350021520803189e-001
-2.3291115602499793e-003	-1.8504064773719109e-001
-2.2840609665297907e-003	-1.8677480991457213e-001
-2.2388412454624135e-003	-1.8851609272846834e-001
-2.1952733477852496e-003	-1.9019414137151661e-001
-2.1557134209568537e-003	-1.9171797029933743e-001
-2.1086722584641106e-003	-1.9352995028240583e-001
-2.0688172867721014e-003	-1.9506493500587041e-001
-2.0224454166982574e-003	-1.9685048714974546e-001
-1.9813839586173805e-003	-1.9843100334724234e-001
-1.9363122666731076e-003	-2.0016508011423811e-001
-1.8933683607718394e-003	-2.0181633126985188e-001
-1.8485298003779690e-003	-2.0353923862311343e-001
-1.8073216036896549e-003	-2.0512140540687482e-001
-1.7628334461773252e-003	-2.0682798602646965e-001
-1.7165740282473058e-003	-2.0860064366448333e-001
-1.6762603397157310e-003	-2.1014374734942115e-001
-1.6326692496505431e-003	-2.1181034160386086e-001
-1.5875747862259064e-003	-2.1353209654506222e-001
-1.5433942659842065e-003	-2.1521649785142644e-001
-1.5005822820347730e-003	-2.1684624272563532e-001
-1.4529667299646261e-003	-2.1865579654454984e-001
-1.4101055394993311e-003	-2.2028176113400200e-001
-1.3642572977263924e-003	-2.2201782538843473e-001
-1.3226322728252795e-003	-2.2359095763283354e-001
-1.2770339050729223e-003	-2.2531080669463810e-001
-1.2340382108638479e-003	-2.2692905063082469e-001
-1.1889964114146050e-003	-2.2862058181993528e-001
-1.1448578082173654e-003	-2.3027436274104290e-001
-1.0985361150493869e-003	-2.3200571810100379e-001
-1.0538094698533313e-003	-2.3367321908911176e-001
-1.0079505077926047e-003	-2.3537847969195630e-001
-9.6234751990005108e-004	-2.3706961987604180e-001
-9.2033068708772853e-004	-2.3862360207019126e-001
-8.7203776116405733e-004	-2.4040464103148718e-001
-8.2871617463745246e-004	-2.4199762351038986e-001
-7.8238918299568098e-004	-2.4369607508475938e-001
-7.3791186173583065e-004	-2.4532170995896868e-001
-6.8836446163838085e-004	-2.4712676856850341e-001
-6.4531931537754536e-004	-2.4868981669230020e-001
-5.9630001746741523e-004	-2.5046389029346283e-001
-5.5146969576629805e-004	-2.5208076578743849e-001
-5.0225917065689347e-004	-2.5384937347570385e-001
-4.5964987235851715e-004	-2.5537538280553451e-001
-4.1095077996046924e-004	-2.5711332930452319e-001
-3.6373188510070795e-004	-2.5879209982361828e-001
-3.1636511110828412e-004	-2.6046977364254598e-001
-2.6899100217068735e-004	-2.6214127560217781e-001
-2.2330501110697605e-004	-2.6374706570251977e-001
-1.7372112656557090e-004	-2.6548296732713683e-001
-1.2627063101505330e-004	-2.6713740744422432e-001
-7.6123179347027236e-005	-2.6887862776230814e-001
-3.0540166573554553e-005	-2.7045485144724263e-001
2.0048781702380501e-005	-2.7219687369162454e-001
6.8715869284570767e-005	-2.7386542744355147e-001
1.1747460678515837e-004	-2.7552991988894615e-001
1.6863131933608885e-004	-2.7726848869949261e-001
2.1595814291270514e-004	-2.7886977404271607e-001
2.6463907730567586e-004	-2.8050970926868268e-001
3.1864165676303278e-004	-2.8232039261858538e-001
3.6776935636766497e-004	-2.8395981807905796e-001
4.1824410263695852e-004	-2.8563643769363067e-001
4.6982040795994591e-004	-2.8734151665493424e-001
5.1745002151019621e-004	-2.8890881601826157e-001
5.6845807247977065e-004	-2.9057950638660368e-001
6.1932243203064244e-004	-2.9223747935126199e-001
6.7400507249819872e-004	-2.9401099506297745e-001
7.2249826434123816e-004	-2.9557604585009067e-001
7.7873061161625183e-004	-2.9738178956850303e-001
8.2973808812947898e-004	-2.9901133405745228e-001
8.8045529464176675e-004	-3.0062368315276844e-001
9.3527131924187219e-004	-3.0235747640217631e-001
9.9060341109177916e-004	-3.0409828320267229e-001
1.0412068631014855e-003	-3.0568215963467466e-001
1.0952194140970632e-003	-3.0736416604991690e-001
1.1482056179621307e-003	-3.0900563991909946e-001
1.2059539971809108e-003	-3.1078501491054633e-001
1.2561862914000207e-003	-3.1232466899749450e-001
1.3141854779446334e-003	-3.1409301769078501e-001
1.3690089755039533e-003	-3.1575535842763719e-001
1.4235938388056906e-003	-3.1740164276583105e-001
1.4785150673464849e-003	-3.1904923673551555e-001
1.5348363241879895e-003	-3.2072967829313642e-001
1.5948758842001046e-003	-3.2251091819245581e-001
1.6502369856529562e-003	-3.2414414075510656e-001
1.7051800036770267e-003	-3.2575634114020491e-001
1.7642399753320670e-003	-3.2747975681842456e-001
1.8235113234046859e-003	-3.2919942077135145e-001
1.8770028626668496e-003	-3.3074292129046007e-001
1.9407283421428623e-003	-3.3257130896196901e-001
1.9943544202796508e-003	-3.3410121897856643e-001
2.0574304307190146e-003	-3.3589062058642771e-001
2.1179899252722024e-003	-3.3759843107201903e-001
2.1723618014663111e-003	-3.3912330241190003e-001
2.2338491662125537e-003	-3.4083817971491115e-001
2.2961113718200027e-003	-3.4256442433785411e-001
2.3584468040815190e-003	-3.4428246442143440e-001
2.4165715760988927e-003	-3.4587530750335216e-001
2.4770957235625210e-003	-3.4752460425360598e-001
2.5400560353283606e-003	-3.4923030931206189e-001
2.6031880597788210e-003	-3.5093054415276292e-001
2.6685195907049913e-003	-3.5267944467185097e-001
2.7263959851455462e-003	-3.5421987720101017e-001
2.7919265575416679e-003	-3.5595403937839121e-001
2.8581295033119980e-003	-3.5769532219228739e-001
2.9223137657441384e-003	-3.5937337083533571e-001
2.9809294988709166e-003	-3.6089719976315648e-001
3.0510415628477814e-003	-3.6270917974622491e-001
3.1107886854010273e-003	-3.6424416446968949e-001
3.1806993060243863e-003	-3.6602971661356454e-001
3.2429530752263722e-003	-3.6761023281106142e-001
3.3116591627047947e-003	-3.6934430957805719e-001
3.3774791802064583e-003	-3.7099556073367096e-001
3.4465698502762453e-003	-3.7271846808693254e-001
3.5103920151216064e-003	-3.7430063487069387e-001
3.5796385517118277e-003	-3.7600721549028870e-001
3.6520152019904758e-003	-3.7777987312830241e-001
3.7153943176406567e-003	-3.7932297681324023e-001
3.7842402426984203e-003	-3.8098957106767994e-001
3.8557981892894020e-003	-3.8271132600888125e-001
3.9262327622627703e-003	-3.8439572731524552e-001
3.9947884692753469e-003	-3.8602547218945438e-001
4.0713795898212057e-003	-3.8783502600836894e-001
4.1406262770994594e-003	-3.8946099059782108e-001
4.2150101417630093e-003	-3.9119705485225387e-001
4.2828152890915083e-003	-3.9277018709665262e-001
4.3573846839499095e-003	-3.9449003615845718e-001
4.4279713748437101e-003	-3.9610828009464383e-001
4.5021956416036336e-003	-3.9779981128375441e-001
4.5752017207693245e-003	-3.9945359220486198e-001
4.6520995155040915e-003	-4.0118494756482292e-001
4.7266157892605042e-003	-4.0285244855293084e-001
4.8032835575787143e-003	-4.0455770915577538e-001
4.8797827792603377e-003	-4.0624884933986088e-001
4.9504894179579805e-003	-4.0780283153401031e-001
5.0320151152910527e-003	-4.0958387049530626e-001
5.1053767069587841e-003	-4.1117685297420897e-001
5.1840600272848409e-003	-4.1287530454857846e-001
5.2598216025983788e-003	-4.1450093942278776e-001
5.3444656531438433e-003	-4.1630599803232249e-001
5.4182062314140269e-003	-4.1786904615611931e-001
5.5024058380339523e-003	-4.1964311975728191e-001
5.5796134116614582e-003	-4.2125999525125757e-001
5.6645812406087249e-003	-4.2302860293952294e-001
5.7383287834165556e-003	-4.2455461226935359e-001
5.8228117772579427e-003	-4.2629255876834227e-001
5.9049195254226895e-003	-4.2797132928743736e-001
5.9874685389439347e-003	-4.2964900310636511e-001
6.0702085565410464e-003	-4.3132050506599690e-001
6.1501633239279645e-003	-4.3292629516633890e-001
6.2371146287835879e-003	-4.3466219679095591e-001
6.3204891453607541e-003	-4.3631663690804340e-001
6.4087706422565095e-003	-4.3805785722612722e-001
6.4891611599187139e-003	-4.3963408091106171e-001
6.5785350494311058e-003	-4.4137610315544362e-001
6.6646614885139651e-003	-4.4304465690737060e-001
6.7510896910024333e-003	-4.4470914935276529e-001
6.8419125125305123e-003	-4.4644771816331169e-001
6.9260617524114724e-003	-4.4804900350653515e-001
7.0127396668315037e-003	-4.4968893873250182e-001
7.1090302735805780e-003	-4.5149962208240446e-001
7.1967484838008459e-003	-4.5313904754287709e-001
7.2869853362374885e-003	-4.5481566715744975e-001
7.3793048242282566e-003	-4.5652074611875332e-001
7.4646568719731700e-003	-4.5808804548208065e-001
7.5561613980565257e-003	-4.5975873585042282e-001
7.6475045195673356e-003	-4.6141670881508112e-001
7.7458063619749370e-003	-4.6319022452679653e-001
7.8330652023207853e-003	-4.6475527531390975e-001
7.9343429332878260e-003	-4.6656101903232217e-001
8.0262920097590867e-003	-4.6819056352127142e-001
8.1177904166130251e-003	-4.6980291261658758e-001
8.2167601079279270e-003	-4.7153670586599544e-001
8.3167373387815803e-003	-4.7327751266649137e-001
8.4082330287997553e-003	-4.7486138909849379e-001
8.5059542261308931e-003	-4.7654339551373598e-001
8.6018761942624321e-003	-4.7818486938291854e-001
8.7064796305012689e-003	-4.7996424437436541e-001
8.7975162188681996e-003	-4.8150389846131358e-001
8.9026795839506727e-003	-4.8327224715460410e-001
9.0021308599056316e-003	-4.8493458789145633e-001
9.1011898968901724e-003	-4.8658087222965013e-001
9.2008966926519463e-003	-4.8822846619933463e-001
9.3031804197480691e-003	-4.8990890775695550e-001
9.4122521467850211e-003	-4.9169014765627489e-001
9.5128533991352057e-003	-4.9332337021892564e-001
9.6127189566707141e-003	-4.9493557060402404e-001
9.7200908940832803e-003	-4.9665898628224370e-001
9.8278679518276797e-003	-4.9837865023517047e-001
9.9300706218403857e-003	-4.9999999989999999e-001
