4.3235992229088754e-001	5.0000000000000000e-001
4.3083475494171841e-001	4.9824746500000000e-001
4.2950771477121991e-001	4.9672259369999999e-001
4.2801531965919509e-001	4.9500771630000001e-001
4.2651303189947853e-001	4.9328147170000003e-001
4.2501788415962011e-001	4.9156343159999999e-001
4.2363169090703978e-001	4.8997058859999998e-001
4.2219636782384090e-001	4.8832129180000000e-001
4.2071195478166656e-001	4.8661558680000000e-001
4.1923230215911966e-001	4.8491535190000001e-001
4.1771029787187508e-001	4.8316645140000003e-001
4.1636971553893837e-001	4.8162601890000001e-001
4.1486053746089346e-001	4.7989185670000001e-001
4.1334516209961059e-001	4.7815057389999999e-001
4.1188481755871836e-001	4.7647252520000000e-001
4.1055868471998119e-001	4.7494869630000003e-001
4.0898178440419902e-001	4.7313671629999998e-001
4.0764594331070836e-001	4.7160173160000002e-001
4.0609204221271944e-001	4.6981617939999998e-001
4.0471657643377024e-001	4.6823566319999999e-001
4.0320747261129597e-001	4.6650158650000001e-001
4.0177044900519981e-001	4.6485033529999997e-001
4.0027106540701884e-001	4.6312742800000001e-001
3.9889416324139682e-001	4.6154526120000000e-001
3.9740898815780762e-001	4.5983868059999999e-001
3.9586630892573105e-001	4.5806602289999998e-001
3.9452340159101557e-001	4.5652291919999999e-001
3.9307302546466605e-001	4.5485632500000001e-001
3.9157464462221619e-001	4.5313457000000001e-001
3.9010877164221752e-001	4.5145016880000000e-001
3.8869046403460461e-001	4.4982042389999999e-001
3.8711567516615941e-001	4.4801087000000001e-001
3.8570065747286481e-001	4.4638490549999998e-001
3.8418982396598983e-001	4.4464884119999998e-001
3.8282078426870009e-001	4.4307570899999998e-001
3.8132406208928671e-001	4.4135585989999998e-001
3.7991576349667716e-001	4.3973761600000000e-001
3.7844368549221624e-001	4.3804608480000001e-001
3.7700445997194593e-001	4.3639230379999999e-001
3.7549772453580277e-001	4.3466094849999998e-001
3.7404655919475249e-001	4.3299344750000002e-001
3.7256253291288099e-001	4.3128818689999998e-001
3.7109079504996428e-001	4.2959704669999998e-001
3.6973842093045178e-001	4.2804306450000001e-001
3.6818844767966002e-001	4.2626202559999998e-001
3.6680213283734397e-001	4.2466904309999998e-001
3.6532403246502154e-001	4.2297059149999999e-001
3.6390930133575061e-001	4.2134495659999999e-001
3.6233842488569890e-001	4.1953989800000002e-001
3.6097816091292190e-001	4.1797684990000000e-001
3.5943424941128610e-001	4.1620277630000002e-001
3.5802714124178625e-001	4.1458590080000002e-001
3.5648798642181134e-001	4.1281729309999998e-001
3.5515995618052770e-001	4.1129128380000002e-001
3.5364748446360905e-001	4.0955333729999999e-001
3.5218651170586879e-001	4.0787456680000000e-001
3.5072649312370602e-001	4.0619689300000000e-001
3.4927184599946615e-001	4.0452539100000001e-001
3.4787438503126622e-001	4.0291960090000001e-001
3.4636369332865113e-001	4.0118369929999997e-001
3.4492389414975078e-001	3.9952925909999998e-001
3.4340857359856602e-001	3.9778803880000002e-001
3.4203684354606256e-001	3.9621181509999998e-001
3.4052082498924285e-001	3.9446979290000000e-001
3.3906874335604076e-001	3.9280123909999998e-001
3.3762019608943983e-001	3.9113674669999998e-001
3.3610718310960119e-001	3.8939817789999998e-001
3.3471364276454529e-001	3.8779689249999999e-001
3.3328646671207363e-001	3.8615695729999999e-001
3.3171069501030759e-001	3.8434627399999999e-001
3.3028396276833444e-001	3.8270684849999997e-001
3.2882486173772363e-001	3.8103022889999999e-001
3.2734099343114448e-001	3.7932514989999999e-001
3.2597702987900962e-001	3.7775785060000000e-001
3.2452308897856641e-001	3.7608716019999999e-001
3.2308021545482979e-001	3.7442918720000001e-001
3.2153678913320449e-001	3.7265567150000001e-001
3.2017478252578951e-001	3.7109062069999998e-001
3.1860330949895971e-001	3.6928487700000001e-001
3.1718517631637416e-001	3.6765533249999999e-001
3.1578200748667368e-001	3.6604298340000002e-001
3.1427315036999132e-001	3.6430919020000002e-001
3.1275818965770347e-001	3.6256838340000003e-001
3.1137979954292838e-001	3.6098450700000001e-001
3.0991601059851209e-001	3.5930250050000001e-001
3.0848749560374222e-001	3.5766102670000000e-001
3.0693897044655394e-001	3.5588165170000002e-001
3.0559906568101153e-001	3.5434199760000001e-001
3.0406013588796366e-001	3.5257364889999998e-001
3.0261346134930672e-001	3.5091130819999999e-001
3.0118076007181799e-001	3.4926502380000002e-001
2.9974691897043698e-001	3.4761742990000000e-001
2.9828449188914907e-001	3.4593698830000003e-001
2.9673434370688756e-001	3.4415574840000002e-001
2.9531300958833989e-001	3.4252252579999998e-001
2.9390997032270372e-001	3.4091032539999999e-001
2.9241014439043500e-001	3.3918690979999999e-001
2.9091358320485095e-001	3.3746724579999998e-001
2.8957033121889114e-001	3.3592374530000002e-001
2.8797915187225392e-001	3.3409535759999998e-001
2.8664772681780232e-001	3.3256544760000001e-001
2.8509047600205378e-001	3.3077604610000000e-001
2.8360423035277638e-001	3.2906823549999997e-001
2.8227719043147576e-001	3.2754336420000002e-001
2.8078479531945083e-001	3.2582848689999999e-001
2.7928250731321885e-001	3.2410224220000000e-001
2.7778735957201928e-001	3.2238420220000003e-001
2.7640116608499360e-001	3.2079135910000001e-001
2.7496584349348457e-001	3.1914206229999997e-001
2.7348143020211252e-001	3.1743635730000003e-001
2.7200177782205776e-001	3.1573612249999999e-001
2.7047977328963879e-001	3.1398722190000000e-001
2.6913919120455876e-001	3.1244678949999999e-001
2.6763001263750608e-001	3.1071262710000003e-001
2.6611463775852523e-001	3.0897134440000001e-001
2.6465429322165646e-001	3.0729329579999998e-001
2.6332816013640375e-001	3.0576946680000000e-001
2.6175126006847821e-001	3.0395748680000001e-001
2.6041541873383650e-001	3.0242250220000000e-001
2.5886151763048310e-001	3.0063694990000001e-001
2.5748605209670822e-001	2.9905643380000002e-001
2.5597694803844750e-001	2.9732235699999998e-001
2.5453992442564571e-001	2.9567110590000001e-001
2.5304054082075905e-001	2.9394819849999998e-001
2.5166363866452496e-001	2.9236603169999997e-001
2.5017846357288898e-001	2.9065945110000002e-001
2.4863578433947126e-001	2.8888679350000002e-001
2.4729287725127133e-001	2.8734368980000002e-001
2.4584250095128801e-001	2.8567709549999998e-001
2.4434412026667190e-001	2.8395534049999999e-001
2.4287824713018064e-001	2.8227093920000002e-001
2.4145993947085057e-001	2.8064119430000001e-001
2.3988515068735733e-001	2.7883164049999998e-001
2.3847013306157994e-001	2.7720567610000002e-001
2.3695929939180019e-001	2.7546961170000001e-001
2.3559025962535871e-001	2.7389647940000000e-001
2.3409353774954256e-001	2.7217663050000002e-001
2.3268523881905329e-001	2.7055838640000002e-001
2.3121316088345073e-001	2.6886685529999999e-001
2.2977393556334338e-001	2.6721307439999997e-001
2.2826719992435499e-001	2.6548171890000000e-001
2.2681603466691552e-001	2.6381421810000000e-001
2.2533200844585563e-001	2.6210895750000002e-001
2.2386027069039655e-001	2.6041781730000002e-001
2.2250789647415545e-001	2.5886383499999999e-001
2.2095792322872818e-001	2.5708279620000002e-001
2.1957160847509402e-001	2.5548981360000000e-001
2.1809350787876175e-001	2.5379136200000002e-001
2.1667877700271196e-001	2.5216572710000001e-001
2.1510790022655740e-001	2.5036066849999999e-001
2.1374763635989694e-001	2.4879762040000000e-001
2.1220372460101658e-001	2.4702354670000001e-001
2.1079661688490076e-001	2.4540667140000000e-001
2.0925746201186762e-001	2.4363806369999999e-001
2.0792943155193866e-001	2.4211205429999999e-001
2.0641696010270022e-001	2.4037410789999999e-001
2.0495598724286679e-001	2.3869533740000001e-001
2.0349596871108000e-001	2.3701766350000000e-001
2.0204132136283040e-001	2.3534616150000001e-001
2.0064386069152199e-001	2.3374037140000001e-001
1.9913316881393200e-001	2.3200446990000001e-001
1.9769336976499507e-001	2.3035002969999999e-001
1.9617804913824624e-001	2.2860880940000000e-001
1.9480631890942676e-001	2.2703258560000000e-001
1.9329030050507631e-001	2.2529056350000001e-001
1.9183821887053304e-001	2.2362200970000001e-001
1.9038967173389548e-001	2.2195751729999999e-001
1.8887665853004712e-001	2.2021894840000000e-001
1.8748311811345059e-001	2.1861766299999999e-001
1.8605594220271898e-001	2.1697772779999999e-001
1.8448017055803459e-001	2.1516704460000000e-001
1.8305343821933281e-001	2.1352761910000001e-001
1.8159433703357067e-001	2.1185099930000001e-001
1.8011046895368357e-001	2.1014592039999999e-001
1.7874650542137213e-001	2.0857862110000000e-001
1.7729256437382435e-001	2.0690793069999999e-001
1.7584969094681624e-001	2.0524995779999999e-001
1.7430626480016595e-001	2.0347644209999999e-001
1.7294425806815200e-001	2.0191139129999999e-001
1.7137278503595771e-001	2.0010564759999999e-001
1.6995465171431431e-001	1.9847610299999999e-001
1.6855148299311914e-001	1.9686375389999999e-001
1.6704262578507265e-001	1.9512996060000001e-001
1.6552766510065517e-001	1.9338915390000000e-001
1.6414927503491489e-001	1.9180527740000000e-001
1.6268548609049854e-001	1.9012327100000001e-001
1.6125697121496310e-001	1.8848179720000000e-001
1.5970844585761187e-001	1.8670242209999999e-001
1.5836854110011625e-001	1.8516276819999999e-001
1.5682961152571373e-001	1.8339441940000001e-001
1.5538293691149269e-001	1.8173207869999999e-001
1.5395023553861653e-001	1.8008579429999999e-001
1.5251639445974124e-001	1.7843820029999999e-001
1.5105396740498242e-001	1.7675775880000000e-001
1.4950381914849806e-001	1.7497651889999999e-001
1.4808248498225660e-001	1.7334329630000000e-001
1.4667944576833761e-001	1.7173109600000000e-001
1.4517961971146995e-001	1.7000768020000001e-001
1.4368305891816496e-001	1.6828801639999999e-001
1.4227205731326587e-001	1.6666666669999999e-001
1.2000599710736958e-002	1.6666666669999999e-001
1.1872818286617416e-002	1.6491413169999999e-001
1.1761636354641468e-002	1.6338926040000001e-001
1.1636600638282282e-002	1.6167438300000000e-001
1.1510736107388869e-002	1.5994813840000000e-001
1.1385469789475581e-002	1.5823009830000001e-001
1.1269331883661552e-002	1.5663725530000000e-001
1.1149077800286518e-002	1.5498795849999999e-001
1.1024710853589581e-002	1.5328225340000001e-001
1.0900742759708253e-002	1.5158201860000001e-001
1.0773226337334883e-002	1.4983311810000000e-001
1.0660909802280523e-002	1.4829268560000000e-001
1.0534467983315570e-002	1.4655852340000000e-001
1.0407506984482257e-002	1.4481724060000001e-001
1.0285156533599611e-002	1.4313919189999999e-001
1.0174050607673520e-002	1.4161536299999999e-001
1.0041934909697788e-002	1.3980338300000000e-001
9.9300155877007981e-003	1.3826839830000001e-001
9.7998268109138666e-003	1.3648284620000001e-001
9.6845876806504472e-003	1.3490232999999999e-001
9.5581520877878797e-003	1.3316825320000000e-001
9.4377555056811904e-003	1.3151700199999999e-001
9.3121343042488289e-003	1.2979409470000000e-001
9.1967748242801819e-003	1.2821192789999999e-001
9.0723440477384031e-003	1.2650534729999999e-001
8.9430954326916601e-003	1.2473268960000000e-001
8.8305841400613296e-003	1.2318958600000000e-001
8.7090688538066716e-003	1.2152299170000000e-001
8.5835316824036615e-003	1.1980123680000000e-001
8.4607180369482143e-003	1.1811683539999999e-001
8.3418895359603385e-003	1.1648709060000000e-001
8.2099507406341483e-003	1.1467753679999999e-001
8.0913978589103597e-003	1.1305157220000001e-001
7.9648173535055034e-003	1.1131550790000000e-001
7.8501166085307907e-003	1.0974237570000001e-001
7.7247183904771040e-003	1.0802252660000000e-001
7.6067284454040644e-003	1.0640428270000001e-001
7.4833949524337135e-003	1.0471275150000001e-001
7.3628139241651083e-003	1.0305897059999999e-001
7.2365767531852813e-003	1.0132761520000000e-001
7.1149953600826814e-003	9.9660114209999998e-002
6.9906608231567764e-003	9.7954853600000003e-002
6.8673558391429412e-003	9.6263713420000008e-002
6.7540513647834990e-003	9.4709731219999996e-002
6.6241916520719387e-003	9.2928692260000001e-002
6.5080435764207582e-003	9.1335709779999996e-002
6.3842055026880288e-003	8.9637258210000001e-002
6.2656766665244307e-003	8.8011623339999998e-002
6.1340656239741312e-003	8.6206564730000004e-002
6.0201001322531360e-003	8.4643516599999996e-002
5.8907482777333080e-003	8.2869442999999987e-002
5.7728581075245800e-003	8.1252567509999998e-002
5.6439047861543672e-003	7.9483959820000005e-002
5.5326398797165815e-003	7.7957950489999997e-002
5.4059221394070784e-003	7.6220003990000007e-002
5.2835190566624104e-003	7.4541233469999996e-002
5.1611959365185141e-003	7.2863559649999993e-002
5.0393228231387002e-003	7.1192057690000005e-002
4.9222409131886320e-003	6.9586267590000001e-002
4.7956722680486162e-003	6.7850365969999993e-002
4.6750431687786241e-003	6.6195925799999999e-002
4.5480867269313430e-003	6.4454705500000001e-002
4.4331605736795537e-003	6.2878481799999997e-002
4.3061456646198834e-003	6.1136459599999998e-002
4.1844875054235205e-003	5.9467905799999998e-002
4.0631254744618647e-003	5.7803413400000003e-002
3.9363623594000164e-003	5.6064844599999997e-002
3.8196088996483276e-003	5.4463559199999997e-002
3.7000373911086023e-003	5.2823624000000000e-002
3.5680162405926645e-003	5.1012940700000002e-002
3.4484818956463737e-003	4.9373515200000002e-002
3.3262356409683013e-003	4.7696895599999997e-002
3.2019143468721102e-003	4.5991816599999999e-002
3.0876388913416764e-003	4.4424517300000001e-002
2.9658249486175653e-003	4.2753826900000000e-002
2.8449382628299505e-003	4.1095853900000000e-002
2.7156270872714704e-003	3.9322338200000001e-002
2.6015155759070239e-003	3.7757287399999999e-002
2.4698545830198447e-003	3.5951543699999998e-002
2.3510406857128775e-003	3.4321999200000002e-002
2.2334805442244966e-003	3.2709650100000001e-002
2.1070656289281413e-003	3.0975856900000001e-002
1.9801393365252791e-003	2.9235050100000000e-002
1.8646552063429165e-003	2.7651173700000000e-002
1.7420161814527052e-003	2.5969167200000001e-002
1.6223324899263278e-003	2.4327693399999999e-002
1.4925941001490226e-003	2.2548318400000000e-002
1.3803343212243249e-003	2.1008664300000000e-002
1.2513998842975059e-003	1.9240315599999998e-002
1.1301947386891022e-003	1.7577974900000001e-002
1.0101602952585695e-003	1.5931690500000002e-002
8.9003037347817307e-004	1.4284096600000001e-002
7.6750544856978682e-004	1.2603655000000000e-002
6.3763108444326211e-004	1.0822415100000000e-002
5.1854900752645568e-004	9.1891925000000003e-003
4.0099970815661524e-004	7.5769920999999999e-003
2.7534144883982654e-004	5.8535764999999998e-003
1.4995672747065571e-004	4.1339124999999997e-003
3.7416498517301972e-005	2.5904119999999998e-003
-9.5895522024159389e-005	7.6202430000000003e-004
-2.0744483582414355e-004	-7.6788569999999997e-004
-3.3791428141781448e-004	-2.5572872000000002e-003
-4.6243474380184689e-004	-4.2650978000000001e-003
-5.7361667415029667e-004	-5.7899691000000003e-003
-6.9865238614306708e-004	-7.5048464000000000e-003
-8.2451692189471179e-004	-9.2310910999999999e-003
-9.4978323372766553e-004	-1.0949131100000000e-002
-1.0659211468738881e-003	-1.2541974200000000e-002
-1.1861752312325546e-003	-1.4191271000000000e-002
-1.3105421693005988e-003	-1.5896976000000000e-002
-1.4345102626157199e-003	-1.7597210799999999e-002
-1.5620266930366873e-003	-1.9346111400000001e-002
-1.6743432195665108e-003	-2.0886543800000001e-002
-1.8007850531958475e-003	-2.2620706200000000e-002
-1.9277460446969689e-003	-2.4361988899999999e-002
-2.0500964899464605e-003	-2.6040037500000002e-002
-2.1612024238157933e-003	-2.7563866499999999e-002
-2.2933181206440251e-003	-2.9375846500000000e-002
-2.4052374351893812e-003	-3.0910831100000001e-002
-2.5354262266855387e-003	-3.2696383400000001e-002
-2.6506653502278176e-003	-3.4276899499999999e-002
-2.7771009418682832e-003	-3.6010976299999997e-002
-2.8974975178053678e-003	-3.7662227399999998e-002
-3.0231187246919288e-003	-3.9385134799999999e-002
-3.1384782046605759e-003	-4.0967301599999999e-002
-3.2629089826331651e-003	-4.2673882199999999e-002
-3.3921575916590883e-003	-4.4446539799999997e-002
-3.5046688906974948e-003	-4.5989643500000003e-002
-3.6261841758494914e-003	-4.7656237800000001e-002
-3.7517213555683269e-003	-4.9377992799999999e-002
-3.8745349919925439e-003	-5.1062394099999998e-002
-3.9933635011474584e-003	-5.2692138999999999e-002
-4.1253022975763073e-003	-5.4501692800000001e-002
-4.2438551626684477e-003	-5.6127657200000000e-002
-4.3704356761506604e-003	-5.7863721600000001e-002
-4.4851364294411986e-003	-5.9436853900000003e-002
-4.6105346329197707e-003	-6.1156702799999997e-002
-4.7285245900344514e-003	-6.2774946900000003e-002
-4.8518580767455133e-003	-6.4466477999999994e-002
-4.9724391064449314e-003	-6.6120258900000006e-002
-5.0986762850251752e-003	-6.7851614399999996e-002
-5.2202576642680675e-003	-6.9519115199999995e-002
-5.3445922011939734e-003	-7.1224375800000003e-002
-5.4678971838666790e-003	-7.2915516000000000e-002
-5.5812016659753261e-003	-7.4469498300000006e-002
-5.7110613672118650e-003	-7.6250537100000002e-002
-5.8272094529969367e-003	-7.7843519700000002e-002
-5.9510475280707955e-003	-7.9541971300000000e-002
-6.0695763679602102e-003	-8.1167606200000006e-002
-6.2011874091693793e-003	-8.2972664799999998e-002
-6.3151528985056875e-003	-8.4535712900000004e-002
-6.4445047618182771e-003	-8.6309786599999994e-002
-6.5623949154850411e-003	-8.7926661899999994e-002
-6.6913482381963825e-003	-8.9695269600000002e-002
-6.8026131497011134e-003	-9.1221279000000002e-002
-6.9293308836025410e-003	-9.2959225399999998e-002
-7.0517339650060813e-003	-9.4637995899999994e-002
-7.1740570902169227e-003	-9.6315669800000003e-002
-7.2959302062789947e-003	-9.7987171799999995e-002
-7.4130121175701932e-003	-9.9592961899999999e-002
-7.5395807512351875e-003	-1.0132886340000000e-001
-7.6602098543797816e-003	-1.0298330360000001e-001
-7.7871662948859333e-003	-1.0472452390000000e-001
-7.9020924573177387e-003	-1.0630074770000000e-001
-8.0291073587769914e-003	-1.0804276979999999e-001
-8.1507655178245687e-003	-1.0971132359999999e-001
-8.2721275475938806e-003	-1.1137581600000000e-001
-8.3988906695407414e-003	-1.1311438490000000e-001
-8.5156441300078371e-003	-1.1471567030000000e-001
-8.6352156389348164e-003	-1.1635560550000000e-001
-8.7672367839965546e-003	-1.1816628870000000e-001
-8.8867711261709018e-003	-1.1980571420000000e-001
-9.0090173955728742e-003	-1.2148233400000000e-001
-9.1333386825455838e-003	-1.2318741290000000e-001
-9.2476141403710233e-003	-1.2475471220000001e-001
-9.3694280822309434e-003	-1.2642540259999999e-001
-9.4903147598515182e-003	-1.2808337550000001e-001
-9.6196259363638750e-003	-1.2985689119999999e-001
-9.7337374482052569e-003	-1.3142194200000001e-001
-9.8653984408539688e-003	-1.3322768569999999e-001
-9.9842123451205460e-003	-1.3485723029999999e-001
-1.0101772485252713e-002	-1.3646957940000001e-001
-1.0228187409684656e-002	-1.3820337269999999e-001
-1.0355113693726849e-002	-1.3994417940000001e-001
-1.0470597832403993e-002	-1.4152805590000000e-001
-1.0593236850125882e-002	-1.4321006230000000e-001
-1.0712920539178300e-002	-1.4485153610000001e-001
-1.0842658938568131e-002	-1.4663091119999999e-001
-1.0954918703394649e-002	-1.4817056510000001e-001
-1.1083853148100842e-002	-1.4993891390000000e-001
-1.1205058291205531e-002	-1.5160125460000001e-001
-1.1325092735545095e-002	-1.5324753899999999e-001
-1.1445222665715916e-002	-1.5489513299999999e-001
-1.1567747580102747e-002	-1.5657557450000001e-001
-1.1697621944974434e-002	-1.5835681439999999e-001
-1.1816704024692939e-002	-1.5999003700000000e-001
-1.1934253315866394e-002	-1.6160223730000001e-001
-1.2059911588076989e-002	-1.6332565310000000e-001
-1.2185296297017263e-002	-1.6504531689999999e-001
-1.2303512693803568e-002	-1.6666666660000001e-001
-1.4781580781146036e-001	-1.6666666660000001e-001
-1.4934097518849976e-001	-1.6841920160000001e-001
-1.5066801518670556e-001	-1.6994407289999999e-001
-1.5216041056506940e-001	-1.7165895030000000e-001
-1.5366269837247973e-001	-1.7338519490000001e-001
-1.5515784614020842e-001	-1.7510323500000000e-001
-1.5654403940858880e-001	-1.7669607800000001e-001
-1.5797936236718882e-001	-1.7834537480000001e-001
-1.5946377534318706e-001	-1.8005107980000001e-001
-1.6094342786900528e-001	-1.8175131470000000e-001
-1.6246543232854252e-001	-1.8350021520000001e-001
-1.6380601463092667e-001	-1.8504064770000000e-001
-1.6531519285607635e-001	-1.8677480990000001e-001
-1.6683056790600867e-001	-1.8851609270000000e-001
-1.6829091261382897e-001	-1.9019414139999999e-001
-1.6961704540755465e-001	-1.9171797030000001e-001
-1.7119394564374943e-001	-1.9352995030000000e-001
-1.7252978693472076e-001	-1.9506493499999999e-001
-1.7408368801020391e-001	-1.9685048720000001e-001
-1.7545915373877716e-001	-1.9843100340000000e-001
-1.7696825755320461e-001	-2.0016508010000000e-001
-1.7840528138599279e-001	-2.0181633130000001e-001
-1.7990466486896278e-001	-2.0353923860000001e-001
-1.8128156704770271e-001	-2.0512140540000001e-001
-1.8276674202010429e-001	-2.0682798599999999e-001
-1.8430942147216722e-001	-2.0860064370000000e-001
-1.8565232844113286e-001	-2.1014374740000000e-001
-1.8710270471324586e-001	-2.1181034160000001e-001
-1.8860108539920312e-001	-2.1353209660000000e-001
-1.9006695843494237e-001	-2.1521649779999999e-001
-1.9148526609427244e-001	-2.1684624270000000e-001
-1.9306005500102341e-001	-2.1865579660000001e-001
-1.9447507270370595e-001	-2.2028176110000000e-001
-1.9598590624888679e-001	-2.2201782540000001e-001
-1.9735494593976430e-001	-2.2359095760000000e-001
-1.9885166801440224e-001	-2.2531080670000000e-001
-2.0025996674606972e-001	-2.2692905059999999e-001
-2.0173204478108309e-001	-2.2862058180000000e-001
-2.0317127017675454e-001	-2.3027436279999999e-001
-2.0467800566595601e-001	-2.3200571810000001e-001
-2.0612917109837037e-001	-2.3367321910000000e-001
-2.0761319729424227e-001	-2.3537847970000000e-001
-2.0908493507354817e-001	-2.3706961990000000e-001
-2.1043730919037845e-001	-2.3862360210000000e-001
-2.1198728251136972e-001	-2.4040464100000000e-001
-2.1337359718943988e-001	-2.4199762350000001e-001
-2.1485169776192528e-001	-2.4369607509999999e-001
-2.1626642866048079e-001	-2.4532171000000000e-001
-2.1783730543797650e-001	-2.4712676859999999e-001
-2.1919756930597808e-001	-2.4868981670000001e-001
-2.2074148098929441e-001	-2.5046389029999999e-001
-2.2214858887904401e-001	-2.5208076580000000e-001
-2.2368774375207712e-001	-2.5384937349999998e-001
-2.2501577408740717e-001	-2.5537538279999999e-001
-2.2652824566124458e-001	-2.5711332930000003e-001
-2.2798921849588993e-001	-2.5879209980000001e-001
-2.2944923692960700e-001	-2.6046977360000001e-001
-2.3090388427785660e-001	-2.6214127560000000e-001
-2.3230134494916502e-001	-2.6374706570000001e-001
-2.3381203690097790e-001	-2.6548296729999998e-001
-2.3525183599894972e-001	-2.6713740749999998e-001
-2.3676715662569853e-001	-2.6887862779999999e-001
-2.3813888673126024e-001	-2.7045485149999998e-001
-2.3965490526020958e-001	-2.7219687370000001e-001
-2.4110698686822371e-001	-2.7386542749999998e-001
-2.4255553400486127e-001	-2.7552991989999998e-001
-2.4406854715967477e-001	-2.7726848869999998e-001
-2.4546208752723639e-001	-2.7886977410000002e-001
-2.4688926343796802e-001	-2.8050970930000002e-001
-2.4846503520591018e-001	-2.8232039260000003e-001
-2.4989176754461195e-001	-2.8395981809999998e-001
-2.5135086853155236e-001	-2.8563643770000002e-001
-2.5283473666315653e-001	-2.8734151670000002e-001
-2.5419870021931484e-001	-2.8890881600000001e-001
-2.5565264136090904e-001	-2.9057950640000002e-001
-2.5709551488866911e-001	-2.9223747940000000e-001
-2.5863894096377882e-001	-2.9401099510000001e-001
-2.6000094781636823e-001	-2.9557604589999997e-001
-2.6157242060741154e-001	-2.9738178960000000e-001
-2.6299055402310123e-001	-2.9901133410000003e-001
-2.6439372262506211e-001	-3.0062368319999999e-001
-2.6590257973235654e-001	-3.0235747639999999e-001
-2.6741754068445422e-001	-3.0409828319999999e-001
-2.6879593055539608e-001	-3.0568215960000000e-001
-2.7025971950249467e-001	-3.0736416610000000e-001
-2.7168823449860569e-001	-3.0900563990000002e-001
-2.7323675966115846e-001	-3.1078501489999999e-001
-2.7457666466516961e-001	-3.1232466900000000e-001
-2.7611559421036075e-001	-3.1409301769999998e-001
-2.7756226875304119e-001	-3.1575535840000002e-001
-2.7899497003052981e-001	-3.1740164279999999e-001
-2.8042881112654633e-001	-3.1904923670000002e-001
-2.8189123820917544e-001	-3.2072967829999999e-001
-2.8344138639143684e-001	-3.2251091820000000e-001
-2.8486272075918240e-001	-3.2414414079999998e-001
-2.8626576002615967e-001	-3.2575634120000002e-001
-2.8776558570654837e-001	-3.2747975680000002e-001
-2.8926214689213242e-001	-3.2919942079999998e-001
-2.9060539912997224e-001	-3.3074292129999999e-001
-2.9219657822607048e-001	-3.3257130899999998e-001
-2.9352800327918105e-001	-3.3410121900000000e-001
-2.9508525434680960e-001	-3.3589062050000001e-001
-2.9657149974420693e-001	-3.3759843109999998e-001
-2.9789853991604653e-001	-3.3912330239999999e-001
-2.9939093502807135e-001	-3.4083817970000002e-001
-3.0089322278510566e-001	-3.4256442440000001e-001
-3.0238837052630518e-001	-3.4428246439999999e-001
-3.0377456377352102e-001	-3.4587530750000001e-001
-3.0520988685537875e-001	-3.4752460429999998e-001
-3.0669429989755309e-001	-3.4923030929999999e-001
-3.0817395227492561e-001	-3.5093054410000002e-001
-3.0969595681807355e-001	-3.5267944470000001e-001
-3.1103653914028123e-001	-3.5421987710000002e-001
-3.1254571747020632e-001	-3.5595403949999999e-001
-3.1406109258765585e-001	-3.5769532220000000e-001
-3.1552143711647784e-001	-3.5937337079999998e-001
-3.1684756996862629e-001	-3.6089719980000001e-001
-3.1842447027099724e-001	-3.6270917980000000e-001
-3.1976031136448790e-001	-3.6424416440000001e-001
-3.2131421247588809e-001	-3.6602971670000001e-001
-3.2268967824142608e-001	-3.6761023279999999e-001
-3.2419878206390029e-001	-3.6934430959999998e-001
-3.2563580566999650e-001	-3.7099556070000000e-001
-3.2713518928158875e-001	-3.7271846809999998e-001
-3.2851209167226830e-001	-3.7430063489999998e-001
-3.2999726653079997e-001	-3.7600721549999999e-001
-3.3153994576287654e-001	-3.7777987310000000e-001
-3.3288285284571201e-001	-3.7932297679999999e-001
-3.3433322922394154e-001	-3.8098957109999998e-001
-3.3583161005298007e-001	-3.8271132610000003e-001
-3.3729748303297880e-001	-3.8439572740000000e-001
-3.3871579065400298e-001	-3.8602547230000001e-001
-3.4029057950903685e-001	-3.8783502609999998e-001
-3.4170559721574278e-001	-3.8946099049999999e-001
-3.4321643070920654e-001	-3.9119705490000001e-001
-3.4458547067178746e-001	-3.9277018720000001e-001
-3.4608219234744075e-001	-3.9449003610000000e-001
-3.4749049119193043e-001	-3.9610828020000000e-001
-3.4896256943486004e-001	-3.9779981129999997e-001
-3.5040179470325028e-001	-3.9945359219999999e-001
-3.5190853040468484e-001	-4.0118494770000002e-001
-3.5335969548044383e-001	-4.0285244850000002e-001
-3.5484372177572659e-001	-4.0455770910000000e-001
-3.5631545962523192e-001	-4.0624884929999999e-001
-3.5766783374474453e-001	-4.0780283160000003e-001
-3.5921780674365628e-001	-4.0958387039999999e-001
-3.6060412183785234e-001	-4.1117685300000001e-001
-3.6208222222358610e-001	-4.1287530459999999e-001
-3.6349695333944571e-001	-4.1450093950000000e-001
-3.6506782980290869e-001	-4.1630599810000002e-001
-3.6642809376227437e-001	-4.1786904619999998e-001
-3.6797200552920151e-001	-4.1964311989999997e-001
-3.6937911319494138e-001	-4.2125999520000001e-001
-3.7091826801491623e-001	-4.2302860289999999e-001
-3.7224629849466856e-001	-4.2455461230000002e-001
-3.7375877021158727e-001	-4.2629255869999999e-001
-3.7521974298273875e-001	-4.2797132919999997e-001
-3.7667976156490157e-001	-4.2964900309999998e-001
-3.7813440868914139e-001	-4.3132050509999997e-001
-3.7953186965734137e-001	-4.3292629519999998e-001
-3.8104256135995646e-001	-4.3466219670000000e-001
-3.8248236028697680e-001	-4.3631663690000000e-001
-3.8399768107663024e-001	-4.3805785720000001e-001
-3.8536941114254508e-001	-4.3963408100000001e-001
-3.8688542968595335e-001	-4.4137610309999997e-001
-3.8833751133256678e-001	-4.4304465690000000e-001
-3.8978605858575643e-001	-4.4470914930000000e-001
-3.9129907181747509e-001	-4.4644771820000001e-001
-3.9269261191065097e-001	-4.4804900360000000e-001
-3.9411978797653396e-001	-4.4968893879999999e-001
-3.9569555966488873e-001	-4.5149962199999999e-001
-3.9712229190686188e-001	-4.5313904750000000e-001
-3.9858139295088396e-001	-4.5481566730000000e-001
-4.0006526124405173e-001	-4.5652074619999999e-001
-4.0142922480959803e-001	-4.5808804549999999e-001
-4.0288316569662985e-001	-4.5975873589999999e-001
-4.0432603923377780e-001	-4.6141670880000002e-001
-4.0586946554199177e-001	-4.6319022450000003e-001
-4.0723147216281808e-001	-4.6475527529999999e-001
-4.0880294518964783e-001	-4.6656101900000002e-001
-4.1022107835882210e-001	-4.6819056360000000e-001
-4.1162424720193391e-001	-4.6980291270000002e-001
-4.1313310455708502e-001	-4.7153670599999997e-001
-4.1464806503090412e-001	-4.7327751270000001e-001
-4.1602645514567915e-001	-4.7486138919999998e-001
-4.1749024409009550e-001	-4.7654339560000003e-001
-4.1891875907681858e-001	-4.7818486939999999e-001
-4.2046728448856924e-001	-4.7996424450000003e-001
-4.2180718900357267e-001	-4.8150389840000002e-001
-4.2334611878991479e-001	-4.8327224720000000e-001
-4.2479279333527747e-001	-4.8493458789999999e-001
-4.2622549460606052e-001	-4.8658087230000002e-001
-4.2765933571817055e-001	-4.8822846630000000e-001
-4.2912176279677627e-001	-4.8990890780000002e-001
-4.3067191097635549e-001	-4.9169014770000002e-001
-4.3209324509087982e-001	-4.9332337030000001e-001
-4.3349628460303147e-001	-4.9493557059999999e-001
-4.3499611028878471e-001	-4.9665898640000000e-001
-4.3649267123187663e-001	-4.9837865020000000e-001
-4.3790367286464599e-001	-4.9999999989999999e-001
